,JCOM,LITE,AZPN,SGMS,COR,NATI,YELP,NCR,CIEN,TRIP,HELE,CONE,COTY,SMG,SABR,ENR,NUS,CABO,SBRA,IRDM,COHR,OHI,HALO,LGND,CCMP,MKSI,MPW,VSAT,HR,UTHR,BRKS,JBL,SYNA,EBS,NBIX,TDS,SLAB,MCY,CRUS,NKTR,JAZZ,LSCC,XRX,NTCT,SMTC,KMPR,BHF,CNO,PRI,LANC,FLO,TR,EXEL,CHX,WING,PZZA,GO,FLR,IBKR,SAM,SF,FICO,BJ,TGNA,TXRH,DECK,CBRL,WEN,ARWR,ACIW,CNK,ENV,CDK,WWE,JACK,AEO,CROX,SFM,GMED,JWN,AXON,URBN,SYNH,RGEN,SKX,CPRI,NUVA,MEDP,FL,RUN,KSS,LIVN,CRI,COLM,NYT,TTC,LAD,TECH,AMED,CGNX,STAA,NVST,IAA,FIVE,MOH,AN,MASI,AGCO,DKS,THC,MSA,TPH,LHCG,OLLI,TOL,EHC,JW.A,QDEL,CHE,WAFD,KAR,TMHC,HAIN,POST,KBH,BOH,TCBI,FHI,VNT,ACHC,PGNY,WBS,THS,JBLU,BRO,NEOG,SEIC,JHG,FDS,TREE,PRG,SAFM,PNM,AMG,ALE,SEDG,CAR,LECO,IDA,OGE,NSA,MIDD,LSI,HE,HRB,CFX,JLL,NDSN,CPT,NWE,ACC,KMT,RNR,MTG,AIRC,PII,BCO,XEC,MUR,ESNT,BC,ENS,HCSG,RGA,688208.SS,SWX,AM,HOG,MUSA,WERN,VC,NVT,CLH,GNTX,UGI,LSTR,THO,KNX,Y,XPO,WTRG,OGS,LFUS,SRCL,INGR,SR,TRGP,PPC,NFG,CNXC,DTM WI,BKH,GGG,DCI,CASY,EQT,DAR,G,SCI,CACI,NAVI,PCTY,INT,TEX,VSCO WI,CDAY,DTM,VSCO,WSM,EXP,ETRN,SAIA,MIME,RAMP,PFGC,APPS,CHDN,FCFS,QLYS,ICLR,PRGO,GME,UNM,HFC,GHC,LOPE,NOV,TNDM,OPCH,ASB,CNX,NJR,n/a,BYD,ADS,COG,SPWR,ZD,KRG,KD WI,BLDR,SITM,BRKR,KNSL,AZTA,KD,AMKR,POWI,BLKB,TDC,MANH,CVLT,CRNC,MMS,NSP,FAF,HQY,WU,WEX,HBI,M,VICR,VOYA,OSK,SLM,FLS,MDU,KEX,HPP,GPS,TRN,AA,HAE,GTLS,LNW,DINO,CALX,BRBR,SAIL,ENOV,WLY,ESAB,MTDR,IRT,NARI,EEFT,PDCE,RRC,SUM
07/09/2021,0.87,0.83,0.83,0.82,0.81,0.81,0.81,0.81,0.79,0.75,0.74,0.72,0.71,0.71,0.7,0.69,0.68,0.66,0.61,0.61,0.6,0.59,0.58,0.58,0.58,0.57,0.57,0.57,0.57,0.56,0.56,0.54,0.54,0.54,0.54,0.53,0.53,0.52,0.52,0.52,0.52,0.52,0.51,0.5,0.49,0.49,0.47,0.46,0.45,0.45,0.45,0.44,0.43,0.43,0.42,0.42,0.41,0.41,0.41,0.4,0.4,0.4,0.4,0.4,0.39,0.39,0.39,0.39,0.38,0.38,0.38,0.38,0.38,0.37,0.37,0.36,0.36,0.35,0.35,0.35,0.35,0.34,0.34,0.34,0.34,0.33,0.33,0.33,0.33,0.33,0.33,0.33,0.32,0.32,0.32,0.32,0.32,0.32,0.32,0.32,0.32,0.32,0.31,0.31,0.31,0.31,0.31,0.3,0.3,0.3,0.3,0.3,0.3,0.3,0.3,0.3,0.3,0.29,0.29,0.29,0.29,0.29,0.29,0.29,0.29,0.28,0.28,0.28,0.28,0.28,0.28,0.28,0.28,0.28,0.28,0.27,0.27,0.27,0.27,0.27,0.26,0.26,0.26,0.26,0.26,0.26,0.25,0.25,0.25,0.25,0.25,0.25,0.25,0.24,0.24,0.24,0.24,0.24,0.24,0.24,0.24,0.24,0.24,0.24,0.23,0.23,0.23,0.23,0.23,0.23,0.23,0.23,0.23,0.23,0.23,0.23,0.23,0.22,0.22,0.22,0.22,0.22,0.22,0.22,0.22,0.22,0.22,0.22,0.22,0.22,0.22,0.22,0.22,0.22,0.22,0.22,0.22,0.22,0.21,0.21,0.0,0.0,0.0,0.0,0.0,0.0,0.0,0.0,0.0,0.0,0.0,0.0,0.0,0.0,0.0,0.0,0.0,0.0,0.0,0.0,0.0,0.0,0.0,0.0,0.0,0.0,0.0,0.0,0.0,0.0,0.0,0.0,0.0,0.0,0.0,0.0,0.0,0.0,0.0,0.0,0.0,0.0,0.0,0.0,0.0,0.0,0.0,0.0,0.0,0.0,0.0,0.0,0.0,0.0,0.0,0.0,0.0,0.0,0.0,0.0,0.0,0.0,0.0,0.0,0.0,0.0,0.0,0.0,0.0,0.0,0.0,0.0,0.0,0.0,0.0,0.0,0.0,0.0,0.0,0.0,0.0,0.0,0.0,0.0,0.0,0.0,0.0,0.0,0.0,0.0,0.0,0.0,0.0,0.0,0.0,0.0,0.0,0.0,74.94
07/12/2021,0.9,0.83,0.86,0.78,0.84,0.81,0.77,0.79,0.79,0.73,0.75,0.75,0.71,0.71,0.69,0.7,0.69,0.68,0.62,0.61,0.6,0.6,0.58,0.57,0.58,0.57,0.57,0.57,0.58,0.57,0.54,0.54,0.54,0.53,0.54,0.53,0.53,0.51,0.52,0.51,0.53,0.51,0.52,0.5,0.48,0.49,0.45,0.47,0.44,0.46,0.45,0.45,0.43,0.4,0.42,0.42,0.41,0.39,0.4,0.41,0.4,0.42,0.4,0.39,0.4,0.39,0.38,0.38,0.39,0.39,0.35,0.38,0.38,0.37,0.37,0.34,0.35,0.36,0.37,0.33,0.35,0.33,0.36,0.35,0.33,0.32,0.34,0.33,0.33,0.32,0.31,0.33,0.32,0.33,0.32,0.33,0.32,0.33,0.33,0.33,0.32,0.32,0.32,0.31,0.32,0.31,0.32,0.3,0.3,0.3,0.31,0.31,0.31,0.31,0.3,0.3,0.29,0.28,0.29,0.28,0.29,0.29,0.29,0.29,0.28,0.28,0.28,0.28,0.28,0.29,0.29,0.27,0.28,0.27,0.28,0.27,0.27,0.27,0.27,0.26,0.25,0.26,0.26,0.29,0.26,0.25,0.24,0.26,0.26,0.25,0.26,0.25,0.26,0.25,0.24,0.24,0.24,0.25,0.25,0.25,0.25,0.23,0.24,0.23,0.24,0.24,0.23,0.22,0.22,0.23,0.23,0.23,0.23,0.23,0.0,0.23,0.22,0.22,0.22,0.23,0.0,0.22,0.22,0.22,0.22,0.22,0.22,0.24,0.22,0.22,0.23,0.22,0.22,0.22,0.23,0.22,0.0,0.22,0.22,0.0,0.31,0.22,0.22,0.21,0.0,0.0,0.0,0.0,0.0,0.0,0.0,0.0,0.0,0.0,0.0,0.0,0.0,0.0,0.0,0.0,0.0,0.0,0.0,0.0,0.0,0.0,0.0,0.0,0.0,0.0,0.0,0.0,0.0,0.0,0.0,0.0,0.0,0.0,0.0,0.0,0.0,0.0,0.0,0.0,0.0,0.0,0.0,0.0,0.0,0.0,0.0,0.0,0.0,0.0,0.0,0.0,0.0,0.0,0.0,0.0,0.0,0.0,0.0,0.0,0.0,0.0,0.0,0.0,0.0,0.0,0.0,0.0,0.0,0.0,0.0,0.0,0.0,0.0,0.0,0.0,0.0,0.0,0.0,0.0,0.0,0.0,0.0,0.0,0.0,0.0,0.0,0.0,0.0,0.0,0.0,0.0,0.0,0.0,75.13000000000001
07/13/2021,0.9,0.83,0.86,0.78,0.84,0.81,0.77,0.79,0.79,0.73,0.75,0.75,0.71,0.71,0.69,0.7,0.69,0.68,0.62,0.61,0.6,0.6,0.58,0.57,0.58,0.57,0.57,0.57,0.58,0.57,0.54,0.54,0.54,0.53,0.54,0.53,0.53,0.51,0.52,0.51,0.53,0.51,0.52,0.5,0.48,0.49,0.45,0.47,0.44,0.46,0.45,0.45,0.43,0.4,0.42,0.42,0.41,0.39,0.4,0.41,0.4,0.42,0.4,0.39,0.4,0.39,0.38,0.38,0.39,0.39,0.35,0.38,0.38,0.37,0.37,0.34,0.35,0.36,0.37,0.33,0.35,0.33,0.36,0.35,0.33,0.32,0.34,0.33,0.33,0.32,0.31,0.33,0.32,0.33,0.32,0.33,0.32,0.33,0.33,0.33,0.32,0.32,0.32,0.31,0.32,0.31,0.32,0.3,0.3,0.3,0.31,0.31,0.31,0.31,0.3,0.3,0.29,0.28,0.29,0.28,0.29,0.29,0.29,0.29,0.28,0.28,0.28,0.28,0.28,0.29,0.29,0.27,0.28,0.27,0.28,0.27,0.27,0.27,0.27,0.26,0.25,0.26,0.26,0.29,0.26,0.25,0.24,0.26,0.26,0.25,0.26,0.25,0.26,0.25,0.24,0.24,0.24,0.25,0.25,0.25,0.25,0.23,0.24,0.23,0.24,0.24,0.23,0.22,0.22,0.23,0.23,0.23,0.23,0.23,0.0,0.23,0.22,0.22,0.22,0.23,0.0,0.22,0.22,0.22,0.22,0.22,0.22,0.24,0.22,0.22,0.23,0.22,0.22,0.22,0.23,0.22,0.0,0.22,0.22,0.0,0.31,0.22,0.22,0.21,0.0,0.0,0.0,0.0,0.0,0.0,0.0,0.0,0.0,0.0,0.0,0.0,0.0,0.0,0.0,0.0,0.0,0.0,0.0,0.0,0.0,0.0,0.0,0.0,0.0,0.0,0.0,0.0,0.0,0.0,0.0,0.0,0.0,0.0,0.0,0.0,0.0,0.0,0.0,0.0,0.0,0.0,0.0,0.0,0.0,0.0,0.0,0.0,0.0,0.0,0.0,0.0,0.0,0.0,0.0,0.0,0.0,0.0,0.0,0.0,0.0,0.0,0.0,0.0,0.0,0.0,0.0,0.0,0.0,0.0,0.0,0.0,0.0,0.0,0.0,0.0,0.0,0.0,0.0,0.0,0.0,0.0,0.0,0.0,0.0,0.0,0.0,0.0,0.0,0.0,0.0,0.0,0.0,0.0,75.13000000000001
07/14/2021,0.89,0.83,0.84,0.76,0.84,0.82,0.78,0.79,0.79,0.73,0.69,0.75,0.72,0.7,0.67,0.7,0.67,0.67,0.62,0.61,0.59,0.6,0.58,0.57,0.59,0.56,0.57,0.59,0.58,0.57,0.55,0.54,0.54,0.51,0.54,0.53,0.52,0.5,0.53,0.53,0.53,0.51,0.51,0.51,0.48,0.48,0.45,0.46,0.44,0.45,0.44,0.44,0.42,0.42,0.43,0.44,0.42,0.41,0.41,0.41,0.4,0.41,0.41,0.39,0.4,0.39,0.38,0.39,0.41,0.38,0.36,0.38,0.38,0.37,0.37,0.35,0.36,0.37,0.36,0.34,0.35,0.34,0.35,0.35,0.33,0.32,0.32,0.34,0.34,0.31,0.32,0.32,0.33,0.32,0.32,0.33,0.33,0.33,0.33,0.33,0.31,0.32,0.31,0.31,0.31,0.32,0.32,0.3,0.31,0.3,0.3,0.29,0.31,0.31,0.29,0.3,0.29,0.29,0.29,0.29,0.28,0.27,0.29,0.29,0.28,0.29,0.29,0.28,0.28,0.28,0.28,0.27,0.29,0.27,0.27,0.27,0.27,0.27,0.27,0.26,0.25,0.26,0.26,0.29,0.26,0.25,0.24,0.25,0.26,0.25,0.26,0.25,0.26,0.25,0.25,0.24,0.24,0.25,0.26,0.24,0.25,0.24,0.24,0.23,0.24,0.24,0.23,0.23,0.23,0.22,0.23,0.23,0.23,0.22,0.0,0.23,0.23,0.22,0.23,0.22,0.0,0.22,0.22,0.22,0.22,0.22,0.22,0.24,0.22,0.22,0.22,0.22,0.22,0.22,0.22,0.22,0.22,0.22,0.0,0.0,0.31,0.22,0.0,0.0,0.21,0.21,0.0,0.0,0.0,0.0,0.0,0.0,0.0,0.0,0.0,0.0,0.0,0.0,0.0,0.0,0.0,0.0,0.0,0.0,0.0,0.0,0.0,0.0,0.0,0.0,0.0,0.0,0.0,0.0,0.0,0.0,0.0,0.0,0.0,0.0,0.0,0.0,0.0,0.0,0.0,0.0,0.0,0.0,0.0,0.0,0.0,0.0,0.0,0.0,0.0,0.0,0.0,0.0,0.0,0.0,0.0,0.0,0.0,0.0,0.0,0.0,0.0,0.0,0.0,0.0,0.0,0.0,0.0,0.0,0.0,0.0,0.0,0.0,0.0,0.0,0.0,0.0,0.0,0.0,0.0,0.0,0.0,0.0,0.0,0.0,0.0,0.0,0.0,0.0,0.0,0.0,0.0,0.0,75.02000000000001
07/15/2021,0.89,0.83,0.83,0.76,0.85,0.82,0.78,0.78,0.78,0.71,0.68,0.76,0.71,0.69,0.68,0.7,0.67,0.66,0.63,0.62,0.59,0.6,0.57,0.55,0.6,0.56,0.57,0.59,0.58,0.57,0.55,0.54,0.55,0.51,0.53,0.52,0.52,0.51,0.52,0.53,0.53,0.51,0.51,0.51,0.48,0.48,0.46,0.46,0.44,0.45,0.44,0.44,0.42,0.42,0.42,0.44,0.41,0.4,0.4,0.42,0.41,0.41,0.41,0.39,0.4,0.39,0.38,0.38,0.4,0.38,0.34,0.38,0.38,0.36,0.37,0.36,0.36,0.36,0.36,0.34,0.35,0.35,0.35,0.35,0.33,0.32,0.33,0.34,0.34,0.32,0.33,0.32,0.33,0.33,0.32,0.33,0.33,0.32,0.32,0.32,0.31,0.32,0.32,0.31,0.31,0.33,0.32,0.3,0.3,0.31,0.3,0.29,0.31,0.31,0.29,0.3,0.29,0.29,0.29,0.29,0.28,0.27,0.29,0.29,0.28,0.29,0.29,0.28,0.28,0.28,0.28,0.27,0.29,0.27,0.27,0.27,0.27,0.28,0.27,0.26,0.25,0.25,0.26,0.3,0.25,0.25,0.24,0.25,0.26,0.25,0.26,0.25,0.26,0.25,0.25,0.24,0.24,0.24,0.26,0.24,0.25,0.24,0.24,0.23,0.24,0.23,0.23,0.23,0.22,0.23,0.23,0.23,0.23,0.23,0.0,0.23,0.22,0.22,0.23,0.22,0.0,0.22,0.23,0.22,0.22,0.22,0.22,0.24,0.22,0.22,0.22,0.22,0.22,0.22,0.22,0.22,0.22,0.21,0.21,0.0,0.32,0.22,0.0,0.0,0.0,0.0,0.21,0.0,0.0,0.0,0.0,0.0,0.0,0.0,0.0,0.0,0.0,0.0,0.0,0.0,0.0,0.0,0.0,0.0,0.0,0.0,0.0,0.0,0.0,0.0,0.0,0.0,0.0,0.0,0.0,0.0,0.0,0.0,0.0,0.0,0.0,0.0,0.0,0.0,0.0,0.0,0.0,0.0,0.0,0.0,0.0,0.0,0.0,0.0,0.0,0.0,0.0,0.0,0.0,0.0,0.0,0.0,0.0,0.0,0.0,0.0,0.0,0.0,0.0,0.0,0.0,0.0,0.0,0.0,0.0,0.0,0.0,0.0,0.0,0.0,0.0,0.0,0.0,0.0,0.0,0.0,0.0,0.0,0.0,0.0,0.0,0.0,0.0,0.0,0.0,0.0,0.0,0.0,74.92
07/16/2021,0.89,0.83,0.83,0.76,0.85,0.82,0.78,0.78,0.78,0.71,0.68,0.76,0.71,0.69,0.68,0.7,0.67,0.66,0.63,0.62,0.59,0.6,0.57,0.55,0.6,0.56,0.57,0.59,0.58,0.57,0.55,0.54,0.55,0.51,0.53,0.52,0.52,0.51,0.52,0.53,0.53,0.51,0.51,0.51,0.48,0.48,0.46,0.46,0.44,0.45,0.44,0.44,0.42,0.42,0.42,0.44,0.41,0.4,0.4,0.42,0.41,0.41,0.41,0.39,0.4,0.39,0.38,0.38,0.4,0.38,0.34,0.38,0.38,0.36,0.37,0.36,0.36,0.36,0.36,0.34,0.35,0.35,0.35,0.35,0.33,0.32,0.33,0.34,0.34,0.32,0.33,0.32,0.33,0.33,0.32,0.33,0.33,0.32,0.32,0.32,0.31,0.32,0.32,0.31,0.31,0.33,0.32,0.3,0.3,0.31,0.3,0.29,0.31,0.31,0.29,0.3,0.29,0.29,0.29,0.29,0.28,0.27,0.29,0.29,0.28,0.29,0.29,0.28,0.28,0.28,0.28,0.27,0.29,0.27,0.27,0.27,0.27,0.28,0.27,0.26,0.25,0.25,0.26,0.3,0.25,0.25,0.24,0.25,0.26,0.25,0.26,0.25,0.26,0.25,0.25,0.24,0.24,0.24,0.26,0.24,0.25,0.24,0.24,0.23,0.24,0.23,0.23,0.23,0.22,0.23,0.23,0.23,0.23,0.23,0.0,0.23,0.22,0.22,0.23,0.22,0.0,0.22,0.23,0.22,0.22,0.22,0.22,0.24,0.22,0.22,0.22,0.22,0.22,0.22,0.22,0.22,0.22,0.21,0.21,0.0,0.32,0.22,0.0,0.0,0.0,0.0,0.21,0.0,0.0,0.0,0.0,0.0,0.0,0.0,0.0,0.0,0.0,0.0,0.0,0.0,0.0,0.0,0.0,0.0,0.0,0.0,0.0,0.0,0.0,0.0,0.0,0.0,0.0,0.0,0.0,0.0,0.0,0.0,0.0,0.0,0.0,0.0,0.0,0.0,0.0,0.0,0.0,0.0,0.0,0.0,0.0,0.0,0.0,0.0,0.0,0.0,0.0,0.0,0.0,0.0,0.0,0.0,0.0,0.0,0.0,0.0,0.0,0.0,0.0,0.0,0.0,0.0,0.0,0.0,0.0,0.0,0.0,0.0,0.0,0.0,0.0,0.0,0.0,0.0,0.0,0.0,0.0,0.0,0.0,0.0,0.0,0.0,0.0,0.0,0.0,0.0,0.0,0.0,74.92
07/19/2021,0.89,0.84,0.85,0.71,0.86,0.82,0.77,0.78,0.8,0.7,0.71,0.77,0.71,0.69,0.65,0.69,0.66,0.66,0.63,0.59,0.6,0.61,0.56,0.52,0.58,0.57,0.58,0.58,0.59,0.58,0.54,0.54,0.53,0.53,0.53,0.52,0.52,0.51,0.53,0.52,0.53,0.5,0.51,0.52,0.47,0.48,0.46,0.47,0.45,0.47,0.46,0.46,0.42,0.4,0.43,0.45,0.42,0.39,0.41,0.41,0.41,0.42,0.42,0.39,0.4,0.39,0.38,0.38,0.39,0.38,0.29,0.38,0.38,0.34,0.36,0.34,0.36,0.36,0.36,0.32,0.35,0.33,0.35,0.34,0.33,0.3,0.33,0.35,0.31,0.28,0.32,0.32,0.32,0.33,0.32,0.33,0.33,0.33,0.32,0.33,0.29,0.31,0.33,0.3,0.33,0.33,0.33,0.3,0.31,0.31,0.31,0.28,0.31,0.32,0.28,0.3,0.28,0.28,0.29,0.3,0.28,0.26,0.3,0.29,0.28,0.3,0.29,0.28,0.28,0.28,0.27,0.27,0.29,0.26,0.28,0.27,0.27,0.28,0.27,0.24,0.25,0.26,0.26,0.29,0.27,0.23,0.24,0.26,0.27,0.26,0.27,0.27,0.26,0.26,0.25,0.24,0.25,0.25,0.27,0.26,0.26,0.24,0.25,0.23,0.25,0.23,0.24,0.22,0.0,0.23,0.23,0.23,0.23,0.23,0.0,0.24,0.22,0.22,0.24,0.24,0.0,0.22,0.23,0.22,0.23,0.23,0.22,0.25,0.22,0.22,0.23,0.23,0.22,0.22,0.22,0.23,0.0,0.22,0.22,0.0,0.34,0.23,0.0,0.22,0.22,0.0,0.22,0.0,0.0,0.0,0.0,0.0,0.0,0.0,0.0,0.0,0.0,0.0,0.0,0.0,0.0,0.0,0.0,0.0,0.0,0.0,0.0,0.0,0.0,0.0,0.0,0.0,0.0,0.0,0.0,0.0,0.0,0.0,0.0,0.0,0.0,0.0,0.0,0.0,0.0,0.0,0.0,0.0,0.0,0.0,0.0,0.0,0.0,0.0,0.0,0.0,0.0,0.0,0.0,0.0,0.0,0.0,0.0,0.0,0.0,0.0,0.0,0.0,0.0,0.0,0.0,0.0,0.0,0.0,0.0,0.0,0.0,0.0,0.0,0.0,0.0,0.0,0.0,0.0,0.0,0.0,0.0,0.0,0.0,0.0,0.0,0.0,0.0,0.0,0.0,0.0,0.0,0.0,74.99000000000001
07/20/2021,0.9,0.84,0.86,0.68,0.87,0.82,0.76,0.77,0.79,0.69,0.72,0.78,0.71,0.71,0.64,0.69,0.66,0.68,0.64,0.59,0.61,0.62,0.55,0.51,0.57,0.56,0.6,0.59,0.61,0.58,0.54,0.53,0.52,0.55,0.54,0.53,0.51,0.51,0.53,0.51,0.52,0.49,0.5,0.52,0.46,0.49,0.45,0.46,0.45,0.48,0.47,0.46,0.41,0.39,0.43,0.45,0.43,0.38,0.41,0.41,0.41,0.43,0.42,0.39,0.4,0.39,0.38,0.38,0.4,0.38,0.29,0.39,0.38,0.34,0.37,0.34,0.36,0.37,0.37,0.32,0.35,0.33,0.35,0.35,0.32,0.29,0.33,0.35,0.31,0.28,0.31,0.32,0.32,0.33,0.32,0.33,0.33,0.34,0.32,0.32,0.29,0.31,0.34,0.3,0.32,0.33,0.33,0.3,0.3,0.31,0.31,0.28,0.31,0.32,0.28,0.3,0.28,0.3,0.3,0.3,0.28,0.26,0.3,0.29,0.28,0.3,0.29,0.29,0.28,0.27,0.26,0.26,0.29,0.25,0.29,0.27,0.28,0.28,0.28,0.24,0.25,0.26,0.27,0.29,0.27,0.23,0.24,0.26,0.28,0.26,0.27,0.27,0.27,0.26,0.25,0.24,0.25,0.25,0.27,0.26,0.26,0.23,0.25,0.24,0.26,0.23,0.23,0.22,0.0,0.23,0.23,0.23,0.23,0.23,0.0,0.25,0.22,0.0,0.25,0.24,0.0,0.22,0.23,0.22,0.23,0.23,0.22,0.25,0.23,0.22,0.23,0.23,0.22,0.22,0.22,0.23,0.0,0.22,0.22,0.0,0.33,0.23,0.22,0.22,0.22,0.0,0.0,0.22,0.0,0.0,0.0,0.0,0.0,0.0,0.0,0.0,0.0,0.0,0.0,0.0,0.0,0.0,0.0,0.0,0.0,0.0,0.0,0.0,0.0,0.0,0.0,0.0,0.0,0.0,0.0,0.0,0.0,0.0,0.0,0.0,0.0,0.0,0.0,0.0,0.0,0.0,0.0,0.0,0.0,0.0,0.0,0.0,0.0,0.0,0.0,0.0,0.0,0.0,0.0,0.0,0.0,0.0,0.0,0.0,0.0,0.0,0.0,0.0,0.0,0.0,0.0,0.0,0.0,0.0,0.0,0.0,0.0,0.0,0.0,0.0,0.0,0.0,0.0,0.0,0.0,0.0,0.0,0.0,0.0,0.0,0.0,0.0,0.0,0.0,0.0,0.0,0.0,0.0,75.1
07/21/2021,0.9,0.84,0.86,0.68,0.87,0.82,0.76,0.77,0.79,0.69,0.72,0.78,0.71,0.71,0.64,0.69,0.66,0.68,0.64,0.59,0.61,0.62,0.55,0.51,0.57,0.56,0.6,0.59,0.61,0.58,0.54,0.53,0.52,0.55,0.54,0.53,0.51,0.51,0.53,0.51,0.52,0.49,0.5,0.52,0.46,0.49,0.45,0.46,0.45,0.48,0.47,0.46,0.41,0.39,0.43,0.45,0.43,0.38,0.41,0.41,0.41,0.43,0.42,0.39,0.4,0.39,0.38,0.38,0.4,0.38,0.29,0.39,0.38,0.34,0.37,0.34,0.36,0.37,0.37,0.32,0.35,0.33,0.35,0.35,0.32,0.29,0.33,0.35,0.31,0.28,0.31,0.32,0.32,0.33,0.32,0.33,0.33,0.34,0.32,0.32,0.29,0.31,0.34,0.3,0.32,0.33,0.33,0.3,0.3,0.31,0.31,0.28,0.31,0.32,0.28,0.3,0.28,0.3,0.3,0.3,0.28,0.26,0.3,0.29,0.28,0.3,0.29,0.29,0.28,0.27,0.26,0.26,0.29,0.25,0.29,0.27,0.28,0.28,0.28,0.24,0.25,0.26,0.27,0.29,0.27,0.23,0.24,0.26,0.28,0.26,0.27,0.27,0.27,0.26,0.25,0.24,0.25,0.25,0.27,0.26,0.26,0.23,0.25,0.24,0.26,0.23,0.23,0.22,0.0,0.23,0.23,0.23,0.23,0.23,0.0,0.25,0.22,0.0,0.25,0.24,0.0,0.22,0.23,0.22,0.23,0.23,0.22,0.25,0.23,0.22,0.23,0.23,0.22,0.22,0.22,0.23,0.0,0.22,0.22,0.0,0.33,0.23,0.22,0.22,0.22,0.0,0.0,0.22,0.0,0.0,0.0,0.0,0.0,0.0,0.0,0.0,0.0,0.0,0.0,0.0,0.0,0.0,0.0,0.0,0.0,0.0,0.0,0.0,0.0,0.0,0.0,0.0,0.0,0.0,0.0,0.0,0.0,0.0,0.0,0.0,0.0,0.0,0.0,0.0,0.0,0.0,0.0,0.0,0.0,0.0,0.0,0.0,0.0,0.0,0.0,0.0,0.0,0.0,0.0,0.0,0.0,0.0,0.0,0.0,0.0,0.0,0.0,0.0,0.0,0.0,0.0,0.0,0.0,0.0,0.0,0.0,0.0,0.0,0.0,0.0,0.0,0.0,0.0,0.0,0.0,0.0,0.0,0.0,0.0,0.0,0.0,0.0,0.0,0.0,0.0,0.0,0.0,0.0,75.1
07/22/2021,0.9,0.84,0.86,0.68,0.87,0.82,0.76,0.77,0.79,0.69,0.72,0.78,0.71,0.71,0.64,0.69,0.66,0.68,0.64,0.59,0.61,0.62,0.55,0.51,0.57,0.56,0.6,0.59,0.61,0.58,0.54,0.53,0.52,0.55,0.54,0.53,0.51,0.51,0.53,0.51,0.52,0.49,0.5,0.52,0.46,0.49,0.45,0.46,0.45,0.48,0.47,0.46,0.41,0.39,0.43,0.45,0.43,0.38,0.41,0.41,0.41,0.43,0.42,0.39,0.4,0.39,0.38,0.38,0.4,0.38,0.29,0.39,0.38,0.34,0.37,0.34,0.36,0.37,0.37,0.32,0.35,0.33,0.35,0.35,0.32,0.29,0.33,0.35,0.31,0.28,0.31,0.32,0.32,0.33,0.32,0.33,0.33,0.34,0.32,0.32,0.29,0.31,0.34,0.3,0.32,0.33,0.33,0.3,0.3,0.31,0.31,0.28,0.31,0.32,0.28,0.3,0.28,0.3,0.3,0.3,0.28,0.26,0.3,0.29,0.28,0.3,0.29,0.29,0.28,0.27,0.26,0.26,0.29,0.25,0.29,0.27,0.28,0.28,0.28,0.24,0.25,0.26,0.27,0.29,0.27,0.23,0.24,0.26,0.28,0.26,0.27,0.27,0.27,0.26,0.25,0.24,0.25,0.25,0.27,0.26,0.26,0.23,0.25,0.24,0.26,0.23,0.23,0.22,0.0,0.23,0.23,0.23,0.23,0.23,0.0,0.25,0.22,0.0,0.25,0.24,0.0,0.22,0.23,0.22,0.23,0.23,0.22,0.25,0.23,0.22,0.23,0.23,0.22,0.22,0.22,0.23,0.0,0.22,0.22,0.0,0.33,0.23,0.22,0.22,0.22,0.0,0.0,0.22,0.0,0.0,0.0,0.0,0.0,0.0,0.0,0.0,0.0,0.0,0.0,0.0,0.0,0.0,0.0,0.0,0.0,0.0,0.0,0.0,0.0,0.0,0.0,0.0,0.0,0.0,0.0,0.0,0.0,0.0,0.0,0.0,0.0,0.0,0.0,0.0,0.0,0.0,0.0,0.0,0.0,0.0,0.0,0.0,0.0,0.0,0.0,0.0,0.0,0.0,0.0,0.0,0.0,0.0,0.0,0.0,0.0,0.0,0.0,0.0,0.0,0.0,0.0,0.0,0.0,0.0,0.0,0.0,0.0,0.0,0.0,0.0,0.0,0.0,0.0,0.0,0.0,0.0,0.0,0.0,0.0,0.0,0.0,0.0,0.0,0.0,0.0,0.0,0.0,0.0,75.1
07/23/2021,0.9,0.85,0.88,0.68,0.88,0.82,0.75,0.76,0.78,0.68,0.73,0.78,0.71,0.71,0.65,0.7,0.66,0.68,0.63,0.61,0.62,0.61,0.55,0.56,0.57,0.55,0.59,0.6,0.61,0.59,0.55,0.53,0.53,0.57,0.54,0.55,0.51,0.5,0.53,0.53,0.52,0.5,0.49,0.51,0.46,0.48,0.44,0.46,0.44,0.48,0.47,0.47,0.4,0.38,0.44,0.46,0.44,0.39,0.41,0.43,0.4,0.43,0.43,0.38,0.39,0.39,0.37,0.39,0.42,0.38,0.28,0.39,0.38,0.34,0.36,0.34,0.36,0.38,0.37,0.31,0.36,0.32,0.35,0.36,0.32,0.29,0.32,0.34,0.31,0.29,0.3,0.32,0.31,0.33,0.33,0.33,0.33,0.34,0.32,0.32,0.31,0.31,0.34,0.3,0.32,0.35,0.34,0.29,0.3,0.3,0.31,0.28,0.32,0.33,0.29,0.3,0.28,0.33,0.3,0.3,0.28,0.26,0.31,0.29,0.29,0.29,0.28,0.28,0.28,0.27,0.28,0.26,0.3,0.25,0.29,0.27,0.27,0.28,0.28,0.24,0.25,0.27,0.27,0.28,0.27,0.23,0.23,0.26,0.28,0.26,0.27,0.27,0.27,0.26,0.25,0.23,0.24,0.25,0.27,0.26,0.26,0.23,0.25,0.23,0.25,0.23,0.23,0.0,0.0,0.23,0.23,0.23,0.23,0.22,0.0,0.25,0.21,0.0,0.25,0.23,0.0,0.22,0.23,0.22,0.23,0.22,0.22,0.24,0.22,0.22,0.23,0.23,0.22,0.22,0.22,0.22,0.0,0.0,0.22,0.0,0.33,0.23,0.22,0.22,0.22,0.0,0.0,0.22,0.22,0.21,0.0,0.0,0.0,0.0,0.0,0.0,0.0,0.0,0.0,0.0,0.0,0.0,0.0,0.0,0.0,0.0,0.0,0.0,0.0,0.0,0.0,0.0,0.0,0.0,0.0,0.0,0.0,0.0,0.0,0.0,0.0,0.0,0.0,0.0,0.0,0.0,0.0,0.0,0.0,0.0,0.0,0.0,0.0,0.0,0.0,0.0,0.0,0.0,0.0,0.0,0.0,0.0,0.0,0.0,0.0,0.0,0.0,0.0,0.0,0.0,0.0,0.0,0.0,0.0,0.0,0.0,0.0,0.0,0.0,0.0,0.0,0.0,0.0,0.0,0.0,0.0,0.0,0.0,0.0,0.0,0.0,0.0,0.0,0.0,0.0,0.0,0.0,0.0,75.21000000000001
07/26/2021,0.91,0.85,0.86,0.68,0.84,0.82,0.76,0.77,0.78,0.69,0.72,0.74,0.72,0.71,0.67,0.68,0.64,0.67,0.63,0.65,0.6,0.61,0.55,0.55,0.57,0.57,0.6,0.6,0.61,0.58,0.56,0.53,0.53,0.55,0.55,0.53,0.51,0.49,0.53,0.51,0.51,0.52,0.51,0.51,0.46,0.47,0.45,0.45,0.44,0.46,0.45,0.45,0.41,0.38,0.46,0.48,0.4,0.4,0.39,0.41,0.41,0.45,0.43,0.37,0.41,0.41,0.38,0.39,0.42,0.37,0.29,0.39,0.37,0.33,0.37,0.34,0.41,0.35,0.37,0.31,0.36,0.32,0.35,0.36,0.35,0.3,0.32,0.34,0.32,0.31,0.31,0.33,0.31,0.32,0.31,0.33,0.35,0.34,0.32,0.33,0.3,0.31,0.35,0.32,0.32,0.37,0.34,0.29,0.31,0.32,0.3,0.3,0.31,0.33,0.29,0.29,0.28,0.36,0.29,0.29,0.28,0.27,0.29,0.28,0.29,0.28,0.28,0.27,0.29,0.28,0.27,0.26,0.28,0.26,0.28,0.26,0.27,0.28,0.28,0.25,0.24,0.26,0.26,0.28,0.26,0.25,0.26,0.26,0.27,0.25,0.27,0.28,0.26,0.25,0.26,0.24,0.26,0.25,0.27,0.25,0.25,0.23,0.25,0.23,0.25,0.24,0.22,0.0,0.0,0.23,0.24,0.24,0.0,0.22,0.0,0.24,0.22,0.0,0.24,0.23,0.0,0.22,0.23,0.22,0.22,0.21,0.23,0.24,0.22,0.22,0.23,0.22,0.22,0.22,0.21,0.0,0.0,0.0,0.0,0.0,0.33,0.22,0.21,0.22,0.21,0.0,0.22,0.22,0.22,0.21,0.22,0.21,0.0,0.0,0.0,0.0,0.0,0.0,0.0,0.0,0.0,0.0,0.0,0.0,0.0,0.0,0.0,0.0,0.0,0.0,0.0,0.0,0.0,0.0,0.0,0.0,0.0,0.0,0.0,0.0,0.0,0.0,0.0,0.0,0.0,0.0,0.0,0.0,0.0,0.0,0.0,0.0,0.0,0.0,0.0,0.0,0.0,0.0,0.0,0.0,0.0,0.0,0.0,0.0,0.0,0.0,0.0,0.0,0.0,0.0,0.0,0.0,0.0,0.0,0.0,0.0,0.0,0.0,0.0,0.0,0.0,0.0,0.0,0.0,0.0,0.0,0.0,0.0,0.0,0.0,0.0,0.0,0.0,0.0,0.0,0.0,0.0,0.0,75.16
07/27/2021,0.92,0.85,0.86,0.66,0.85,0.83,0.78,0.77,0.79,0.69,0.73,0.75,0.71,0.7,0.66,0.67,0.64,0.68,0.63,0.64,0.61,0.61,0.55,0.54,0.57,0.57,0.59,0.6,0.61,0.57,0.56,0.54,0.53,0.55,0.55,0.54,0.51,0.5,0.52,0.51,0.51,0.52,0.51,0.51,0.46,0.47,0.44,0.45,0.44,0.47,0.45,0.46,0.4,0.38,0.46,0.48,0.4,0.39,0.38,0.3,0.41,0.44,0.44,0.37,0.41,0.41,0.37,0.39,0.42,0.37,0.28,0.39,0.37,0.32,0.38,0.34,0.41,0.35,0.38,0.3,0.36,0.32,0.35,0.36,0.37,0.3,0.32,0.34,0.32,0.3,0.3,0.33,0.32,0.32,0.32,0.33,0.35,0.34,0.32,0.33,0.29,0.31,0.35,0.32,0.32,0.37,0.34,0.29,0.32,0.32,0.3,0.31,0.32,0.33,0.3,0.29,0.28,0.36,0.29,0.3,0.28,0.28,0.29,0.28,0.29,0.28,0.28,0.27,0.29,0.28,0.27,0.26,0.29,0.26,0.28,0.26,0.27,0.28,0.28,0.24,0.25,0.26,0.26,0.28,0.26,0.23,0.26,0.26,0.27,0.25,0.27,0.27,0.27,0.25,0.26,0.24,0.26,0.25,0.27,0.25,0.25,0.23,0.24,0.23,0.25,0.24,0.23,0.0,0.0,0.23,0.24,0.23,0.0,0.22,0.0,0.24,0.22,0.0,0.24,0.23,0.0,0.23,0.23,0.22,0.22,0.22,0.23,0.24,0.22,0.22,0.23,0.22,0.22,0.22,0.0,0.22,0.0,0.22,0.21,0.21,0.32,0.22,0.0,0.21,0.22,0.0,0.22,0.22,0.22,0.0,0.21,0.0,0.0,0.0,0.0,0.0,0.0,0.0,0.0,0.0,0.0,0.0,0.0,0.0,0.0,0.0,0.0,0.0,0.0,0.0,0.0,0.0,0.0,0.0,0.0,0.0,0.0,0.0,0.0,0.0,0.0,0.0,0.0,0.0,0.0,0.0,0.0,0.0,0.0,0.0,0.0,0.0,0.0,0.0,0.0,0.0,0.0,0.0,0.0,0.0,0.0,0.0,0.0,0.0,0.0,0.0,0.0,0.0,0.0,0.0,0.0,0.0,0.0,0.0,0.0,0.0,0.0,0.0,0.0,0.0,0.0,0.0,0.0,0.0,0.0,0.0,0.0,0.0,0.0,0.0,0.0,0.0,0.0,0.0,0.0,0.0,0.0,0.0,75.10000000000001
07/28/2021,0.92,0.85,0.86,0.66,0.85,0.83,0.78,0.77,0.79,0.69,0.73,0.75,0.71,0.7,0.66,0.67,0.64,0.68,0.63,0.64,0.61,0.61,0.55,0.54,0.57,0.57,0.59,0.6,0.61,0.57,0.56,0.54,0.53,0.55,0.55,0.54,0.51,0.5,0.52,0.51,0.51,0.52,0.51,0.51,0.46,0.47,0.44,0.45,0.44,0.47,0.45,0.46,0.4,0.38,0.46,0.48,0.4,0.39,0.38,0.3,0.41,0.44,0.44,0.37,0.41,0.41,0.37,0.39,0.42,0.37,0.28,0.39,0.37,0.32,0.38,0.34,0.41,0.35,0.38,0.3,0.36,0.32,0.35,0.36,0.37,0.3,0.32,0.34,0.32,0.3,0.3,0.33,0.32,0.32,0.32,0.33,0.35,0.34,0.32,0.33,0.29,0.31,0.35,0.32,0.32,0.37,0.34,0.29,0.32,0.32,0.3,0.31,0.32,0.33,0.3,0.29,0.28,0.36,0.29,0.3,0.28,0.28,0.29,0.28,0.29,0.28,0.28,0.27,0.29,0.28,0.27,0.26,0.29,0.26,0.28,0.26,0.27,0.28,0.28,0.24,0.25,0.26,0.26,0.28,0.26,0.23,0.26,0.26,0.27,0.25,0.27,0.27,0.27,0.25,0.26,0.24,0.26,0.25,0.27,0.25,0.25,0.23,0.24,0.23,0.25,0.24,0.23,0.0,0.0,0.23,0.24,0.23,0.0,0.22,0.0,0.24,0.22,0.0,0.24,0.23,0.0,0.23,0.23,0.22,0.22,0.22,0.23,0.24,0.22,0.22,0.23,0.22,0.22,0.22,0.0,0.22,0.0,0.22,0.21,0.21,0.32,0.22,0.0,0.21,0.22,0.0,0.22,0.22,0.22,0.0,0.21,0.0,0.0,0.0,0.0,0.0,0.0,0.0,0.0,0.0,0.0,0.0,0.0,0.0,0.0,0.0,0.0,0.0,0.0,0.0,0.0,0.0,0.0,0.0,0.0,0.0,0.0,0.0,0.0,0.0,0.0,0.0,0.0,0.0,0.0,0.0,0.0,0.0,0.0,0.0,0.0,0.0,0.0,0.0,0.0,0.0,0.0,0.0,0.0,0.0,0.0,0.0,0.0,0.0,0.0,0.0,0.0,0.0,0.0,0.0,0.0,0.0,0.0,0.0,0.0,0.0,0.0,0.0,0.0,0.0,0.0,0.0,0.0,0.0,0.0,0.0,0.0,0.0,0.0,0.0,0.0,0.0,0.0,0.0,0.0,0.0,0.0,0.0,75.10000000000001
07/29/2021,0.92,0.84,0.86,0.68,0.85,0.81,0.79,0.78,0.79,0.74,0.73,0.75,0.73,0.7,0.68,0.69,0.65,0.68,0.62,0.65,0.59,0.61,0.54,0.54,0.56,0.56,0.59,0.59,0.6,0.57,0.55,0.54,0.53,0.54,0.53,0.54,0.5,0.5,0.52,0.5,0.51,0.51,0.51,0.51,0.45,0.47,0.45,0.46,0.44,0.46,0.45,0.46,0.39,0.39,0.46,0.46,0.4,0.39,0.38,0.31,0.41,0.43,0.43,0.37,0.42,0.42,0.37,0.39,0.41,0.37,0.3,0.38,0.37,0.33,0.38,0.34,0.41,0.35,0.38,0.31,0.36,0.32,0.34,0.35,0.36,0.31,0.32,0.34,0.32,0.3,0.31,0.34,0.32,0.32,0.32,0.33,0.35,0.34,0.31,0.33,0.28,0.31,0.34,0.31,0.32,0.36,0.33,0.3,0.32,0.32,0.3,0.32,0.31,0.32,0.29,0.3,0.28,0.33,0.29,0.3,0.28,0.27,0.29,0.28,0.29,0.29,0.28,0.27,0.29,0.28,0.26,0.26,0.29,0.26,0.28,0.26,0.27,0.28,0.27,0.25,0.25,0.26,0.26,0.29,0.26,0.23,0.26,0.26,0.27,0.25,0.27,0.28,0.26,0.25,0.25,0.24,0.27,0.25,0.27,0.25,0.25,0.24,0.24,0.23,0.25,0.24,0.23,0.0,0.21,0.23,0.24,0.23,0.0,0.22,0.0,0.24,0.23,0.0,0.25,0.23,0.0,0.22,0.23,0.22,0.22,0.22,0.23,0.24,0.22,0.22,0.23,0.22,0.22,0.22,0.21,0.22,0.0,0.22,0.21,0.0,0.32,0.22,0.0,0.0,0.22,0.0,0.22,0.22,0.22,0.0,0.22,0.0,0.0,0.0,0.0,0.0,0.0,0.0,0.0,0.0,0.0,0.0,0.0,0.0,0.0,0.0,0.0,0.0,0.0,0.0,0.0,0.0,0.0,0.0,0.0,0.0,0.0,0.0,0.0,0.0,0.0,0.0,0.0,0.0,0.0,0.0,0.0,0.0,0.0,0.0,0.0,0.0,0.0,0.0,0.0,0.0,0.0,0.0,0.0,0.0,0.0,0.0,0.0,0.0,0.0,0.0,0.0,0.0,0.0,0.0,0.0,0.0,0.0,0.0,0.0,0.0,0.0,0.0,0.0,0.0,0.0,0.0,0.0,0.0,0.0,0.0,0.0,0.0,0.0,0.0,0.0,0.0,0.0,0.0,0.0,0.0,0.0,0.0,75.04
07/30/2021,0.93,0.83,0.86,0.67,0.86,0.8,0.78,0.77,0.79,0.73,0.72,0.76,0.72,0.7,0.67,0.69,0.65,0.67,0.63,0.63,0.57,0.61,0.53,0.54,0.55,0.54,0.59,0.6,0.61,0.58,0.54,0.54,0.51,0.54,0.52,0.54,0.49,0.5,0.52,0.5,0.51,0.51,0.54,0.51,0.44,0.47,0.45,0.46,0.44,0.47,0.45,0.47,0.4,0.38,0.47,0.47,0.4,0.39,0.38,0.31,0.41,0.43,0.43,0.38,0.43,0.41,0.37,0.4,0.41,0.36,0.29,0.39,0.37,0.33,0.38,0.34,0.4,0.35,0.38,0.3,0.36,0.32,0.35,0.39,0.36,0.3,0.33,0.32,0.31,0.3,0.31,0.33,0.31,0.32,0.33,0.33,0.35,0.34,0.31,0.32,0.27,0.31,0.34,0.31,0.32,0.37,0.33,0.3,0.32,0.32,0.3,0.33,0.31,0.32,0.29,0.3,0.29,0.33,0.3,0.3,0.29,0.28,0.3,0.28,0.29,0.29,0.28,0.27,0.28,0.28,0.26,0.26,0.28,0.25,0.29,0.26,0.27,0.28,0.28,0.25,0.26,0.26,0.26,0.28,0.27,0.23,0.26,0.26,0.28,0.26,0.27,0.28,0.27,0.26,0.26,0.24,0.27,0.25,0.27,0.25,0.26,0.24,0.25,0.23,0.25,0.23,0.23,0.0,0.0,0.23,0.23,0.23,0.0,0.22,0.0,0.25,0.0,0.0,0.25,0.23,0.0,0.23,0.23,0.22,0.23,0.22,0.23,0.24,0.22,0.22,0.24,0.23,0.22,0.22,0.22,0.22,0.0,0.22,0.22,0.0,0.33,0.23,0.0,0.22,0.22,0.0,0.22,0.22,0.22,0.21,0.22,0.0,0.0,0.0,0.0,0.0,0.0,0.0,0.0,0.0,0.0,0.0,0.0,0.0,0.0,0.0,0.0,0.0,0.0,0.0,0.0,0.0,0.0,0.0,0.0,0.0,0.0,0.0,0.0,0.0,0.0,0.0,0.0,0.0,0.0,0.0,0.0,0.0,0.0,0.0,0.0,0.0,0.0,0.0,0.0,0.0,0.0,0.0,0.0,0.0,0.0,0.0,0.0,0.0,0.0,0.0,0.0,0.0,0.0,0.0,0.0,0.0,0.0,0.0,0.0,0.0,0.0,0.0,0.0,0.0,0.0,0.0,0.0,0.0,0.0,0.0,0.0,0.0,0.0,0.0,0.0,0.0,0.0,0.0,0.0,0.0,0.0,0.0,75.12
08/02/2021,0.93,0.85,0.85,0.68,0.86,0.82,0.78,0.77,0.79,0.73,0.72,0.76,0.73,0.7,0.68,0.69,0.65,0.67,0.63,0.64,0.57,0.61,0.53,0.55,0.57,0.55,0.59,0.61,0.6,0.57,0.55,0.55,0.52,0.56,0.52,0.53,0.5,0.49,0.52,0.5,0.51,0.52,0.53,0.51,0.45,0.46,0.45,0.45,0.44,0.46,0.44,0.46,0.41,0.38,0.45,0.46,0.4,0.4,0.39,0.31,0.42,0.42,0.43,0.38,0.41,0.41,0.36,0.39,0.42,0.36,0.29,0.39,0.37,0.32,0.37,0.34,0.41,0.35,0.38,0.31,0.37,0.32,0.35,0.4,0.35,0.3,0.33,0.33,0.31,0.31,0.3,0.35,0.31,0.32,0.33,0.32,0.35,0.34,0.31,0.33,0.28,0.31,0.33,0.3,0.32,0.36,0.33,0.29,0.31,0.32,0.3,0.32,0.31,0.32,0.29,0.3,0.29,0.34,0.28,0.3,0.28,0.28,0.29,0.27,0.29,0.29,0.29,0.27,0.28,0.28,0.26,0.26,0.28,0.25,0.28,0.26,0.27,0.28,0.28,0.26,0.25,0.26,0.26,0.26,0.27,0.24,0.27,0.26,0.28,0.25,0.27,0.27,0.27,0.26,0.25,0.24,0.28,0.25,0.27,0.26,0.25,0.24,0.24,0.23,0.25,0.23,0.23,0.0,0.0,0.23,0.23,0.23,0.0,0.22,0.0,0.24,0.0,0.0,0.25,0.23,0.0,0.23,0.23,0.22,0.22,0.22,0.23,0.24,0.22,0.21,0.23,0.22,0.23,0.22,0.22,0.22,0.0,0.22,0.22,0.21,0.33,0.23,0.0,0.21,0.22,0.0,0.22,0.22,0.22,0.0,0.0,0.0,0.22,0.0,0.0,0.0,0.0,0.0,0.0,0.0,0.0,0.0,0.0,0.0,0.0,0.0,0.0,0.0,0.0,0.0,0.0,0.0,0.0,0.0,0.0,0.0,0.0,0.0,0.0,0.0,0.0,0.0,0.0,0.0,0.0,0.0,0.0,0.0,0.0,0.0,0.0,0.0,0.0,0.0,0.0,0.0,0.0,0.0,0.0,0.0,0.0,0.0,0.0,0.0,0.0,0.0,0.0,0.0,0.0,0.0,0.0,0.0,0.0,0.0,0.0,0.0,0.0,0.0,0.0,0.0,0.0,0.0,0.0,0.0,0.0,0.0,0.0,0.0,0.0,0.0,0.0,0.0,0.0,0.0,0.0,0.0,0.0,0.0,75.06
08/03/2021,0.93,0.85,0.85,0.68,0.86,0.82,0.78,0.77,0.79,0.73,0.72,0.76,0.73,0.7,0.68,0.69,0.65,0.67,0.63,0.64,0.57,0.61,0.53,0.55,0.57,0.55,0.59,0.61,0.6,0.57,0.55,0.55,0.52,0.56,0.52,0.53,0.5,0.49,0.52,0.5,0.51,0.52,0.53,0.51,0.45,0.46,0.45,0.45,0.44,0.46,0.44,0.46,0.41,0.38,0.45,0.46,0.4,0.4,0.39,0.31,0.42,0.42,0.43,0.38,0.41,0.41,0.36,0.39,0.42,0.36,0.29,0.39,0.37,0.32,0.37,0.34,0.41,0.35,0.38,0.31,0.37,0.32,0.35,0.4,0.35,0.3,0.33,0.33,0.31,0.31,0.3,0.35,0.31,0.32,0.33,0.32,0.35,0.34,0.31,0.33,0.28,0.31,0.33,0.3,0.32,0.36,0.33,0.29,0.31,0.32,0.3,0.32,0.31,0.32,0.29,0.3,0.29,0.34,0.28,0.3,0.28,0.28,0.29,0.27,0.29,0.29,0.29,0.27,0.28,0.28,0.26,0.26,0.28,0.25,0.28,0.26,0.27,0.28,0.28,0.26,0.25,0.26,0.26,0.26,0.27,0.24,0.27,0.26,0.28,0.25,0.27,0.27,0.27,0.26,0.25,0.24,0.28,0.25,0.27,0.26,0.25,0.24,0.24,0.23,0.25,0.23,0.23,0.0,0.0,0.23,0.23,0.23,0.0,0.22,0.0,0.24,0.0,0.0,0.25,0.23,0.0,0.23,0.23,0.22,0.22,0.22,0.23,0.24,0.22,0.21,0.23,0.22,0.23,0.22,0.22,0.22,0.0,0.22,0.22,0.21,0.33,0.23,0.0,0.21,0.22,0.0,0.22,0.22,0.22,0.0,0.0,0.0,0.22,0.0,0.0,0.0,0.0,0.0,0.0,0.0,0.0,0.0,0.0,0.0,0.0,0.0,0.0,0.0,0.0,0.0,0.0,0.0,0.0,0.0,0.0,0.0,0.0,0.0,0.0,0.0,0.0,0.0,0.0,0.0,0.0,0.0,0.0,0.0,0.0,0.0,0.0,0.0,0.0,0.0,0.0,0.0,0.0,0.0,0.0,0.0,0.0,0.0,0.0,0.0,0.0,0.0,0.0,0.0,0.0,0.0,0.0,0.0,0.0,0.0,0.0,0.0,0.0,0.0,0.0,0.0,0.0,0.0,0.0,0.0,0.0,0.0,0.0,0.0,0.0,0.0,0.0,0.0,0.0,0.0,0.0,0.0,0.0,0.0,75.06
08/04/2021,0.93,0.85,0.85,0.68,0.86,0.82,0.78,0.77,0.79,0.73,0.72,0.76,0.73,0.7,0.68,0.69,0.65,0.67,0.63,0.64,0.57,0.61,0.53,0.55,0.57,0.55,0.59,0.61,0.6,0.57,0.55,0.55,0.52,0.56,0.52,0.53,0.5,0.49,0.52,0.5,0.51,0.52,0.53,0.51,0.45,0.46,0.45,0.45,0.44,0.46,0.44,0.46,0.41,0.38,0.45,0.46,0.4,0.4,0.39,0.31,0.42,0.42,0.43,0.38,0.41,0.41,0.36,0.39,0.42,0.36,0.29,0.39,0.37,0.32,0.37,0.34,0.41,0.35,0.38,0.31,0.37,0.32,0.35,0.4,0.35,0.3,0.33,0.33,0.31,0.31,0.3,0.35,0.31,0.32,0.33,0.32,0.35,0.34,0.31,0.33,0.28,0.31,0.33,0.3,0.32,0.36,0.33,0.29,0.31,0.32,0.3,0.32,0.31,0.32,0.29,0.3,0.29,0.34,0.28,0.3,0.28,0.28,0.29,0.27,0.29,0.29,0.29,0.27,0.28,0.28,0.26,0.26,0.28,0.25,0.28,0.26,0.27,0.28,0.28,0.26,0.25,0.26,0.26,0.26,0.27,0.24,0.27,0.26,0.28,0.25,0.27,0.27,0.27,0.26,0.25,0.24,0.28,0.25,0.27,0.26,0.25,0.24,0.24,0.23,0.25,0.23,0.23,0.0,0.0,0.23,0.23,0.23,0.0,0.22,0.0,0.24,0.0,0.0,0.25,0.23,0.0,0.23,0.23,0.22,0.22,0.22,0.23,0.24,0.22,0.21,0.23,0.22,0.23,0.22,0.22,0.22,0.0,0.22,0.22,0.21,0.33,0.23,0.0,0.21,0.22,0.0,0.22,0.22,0.22,0.0,0.0,0.0,0.22,0.0,0.0,0.0,0.0,0.0,0.0,0.0,0.0,0.0,0.0,0.0,0.0,0.0,0.0,0.0,0.0,0.0,0.0,0.0,0.0,0.0,0.0,0.0,0.0,0.0,0.0,0.0,0.0,0.0,0.0,0.0,0.0,0.0,0.0,0.0,0.0,0.0,0.0,0.0,0.0,0.0,0.0,0.0,0.0,0.0,0.0,0.0,0.0,0.0,0.0,0.0,0.0,0.0,0.0,0.0,0.0,0.0,0.0,0.0,0.0,0.0,0.0,0.0,0.0,0.0,0.0,0.0,0.0,0.0,0.0,0.0,0.0,0.0,0.0,0.0,0.0,0.0,0.0,0.0,0.0,0.0,0.0,0.0,0.0,0.0,75.06
08/05/2021,0.93,0.85,0.85,0.68,0.86,0.82,0.78,0.77,0.79,0.73,0.72,0.76,0.73,0.7,0.68,0.69,0.65,0.67,0.63,0.64,0.57,0.61,0.53,0.55,0.57,0.55,0.59,0.61,0.6,0.57,0.55,0.55,0.52,0.56,0.52,0.53,0.5,0.49,0.52,0.5,0.51,0.52,0.53,0.51,0.45,0.46,0.45,0.45,0.44,0.46,0.44,0.46,0.41,0.38,0.45,0.46,0.4,0.4,0.39,0.31,0.42,0.42,0.43,0.38,0.41,0.41,0.36,0.39,0.42,0.36,0.29,0.39,0.37,0.32,0.37,0.34,0.41,0.35,0.38,0.31,0.37,0.32,0.35,0.4,0.35,0.3,0.33,0.33,0.31,0.31,0.3,0.35,0.31,0.32,0.33,0.32,0.35,0.34,0.31,0.33,0.28,0.31,0.33,0.3,0.32,0.36,0.33,0.29,0.31,0.32,0.3,0.32,0.31,0.32,0.29,0.3,0.29,0.34,0.28,0.3,0.28,0.28,0.29,0.27,0.29,0.29,0.29,0.27,0.28,0.28,0.26,0.26,0.28,0.25,0.28,0.26,0.27,0.28,0.28,0.26,0.25,0.26,0.26,0.26,0.27,0.24,0.27,0.26,0.28,0.25,0.27,0.27,0.27,0.26,0.25,0.24,0.28,0.25,0.27,0.26,0.25,0.24,0.24,0.23,0.25,0.23,0.23,0.0,0.0,0.23,0.23,0.23,0.0,0.22,0.0,0.24,0.0,0.0,0.25,0.23,0.0,0.23,0.23,0.22,0.22,0.22,0.23,0.24,0.22,0.21,0.23,0.22,0.23,0.22,0.22,0.22,0.0,0.22,0.22,0.21,0.33,0.23,0.0,0.21,0.22,0.0,0.22,0.22,0.22,0.0,0.0,0.0,0.22,0.0,0.0,0.0,0.0,0.0,0.0,0.0,0.0,0.0,0.0,0.0,0.0,0.0,0.0,0.0,0.0,0.0,0.0,0.0,0.0,0.0,0.0,0.0,0.0,0.0,0.0,0.0,0.0,0.0,0.0,0.0,0.0,0.0,0.0,0.0,0.0,0.0,0.0,0.0,0.0,0.0,0.0,0.0,0.0,0.0,0.0,0.0,0.0,0.0,0.0,0.0,0.0,0.0,0.0,0.0,0.0,0.0,0.0,0.0,0.0,0.0,0.0,0.0,0.0,0.0,0.0,0.0,0.0,0.0,0.0,0.0,0.0,0.0,0.0,0.0,0.0,0.0,0.0,0.0,0.0,0.0,0.0,0.0,0.0,0.0,75.06
08/06/2021,0.9,0.82,0.85,0.67,0.86,0.84,0.73,0.76,0.81,0.7,0.74,0.74,0.69,0.68,0.62,0.7,0.65,0.68,0.61,0.65,0.55,0.56,0.51,0.49,0.58,0.54,0.57,0.57,0.6,0.55,0.54,0.56,0.52,0.54,0.54,0.47,0.55,0.49,0.49,0.49,0.5,0.55,0.52,0.5,0.46,0.43,0.45,0.45,0.44,0.46,0.44,0.46,0.4,0.4,0.47,0.46,0.4,0.4,0.38,0.29,0.41,0.41,0.45,0.37,0.37,0.43,0.35,0.38,0.41,0.35,0.27,0.38,0.36,0.32,0.36,0.33,0.42,0.34,0.37,0.33,0.37,0.32,0.34,0.43,0.36,0.35,0.3,0.33,0.3,0.32,0.31,0.33,0.32,0.33,0.32,0.33,0.34,0.35,0.31,0.34,0.28,0.32,0.34,0.31,0.34,0.37,0.34,0.31,0.33,0.32,0.3,0.34,0.32,0.32,0.31,0.31,0.29,0.33,0.29,0.3,0.29,0.3,0.3,0.27,0.3,0.29,0.28,0.27,0.28,0.29,0.27,0.26,0.27,0.24,0.28,0.26,0.27,0.29,0.29,0.23,0.24,0.26,0.26,0.27,0.27,0.28,0.29,0.26,0.28,0.25,0.27,0.28,0.27,0.26,0.26,0.25,0.28,0.25,0.27,0.25,0.25,0.25,0.24,0.23,0.25,0.23,0.23,0.0,0.0,0.23,0.25,0.23,0.0,0.22,0.0,0.25,0.0,0.0,0.25,0.23,0.0,0.24,0.23,0.23,0.22,0.22,0.24,0.24,0.22,0.0,0.23,0.22,0.23,0.22,0.0,0.22,0.0,0.22,0.22,0.0,0.34,0.23,0.22,0.22,0.22,0.0,0.22,0.22,0.24,0.0,0.22,0.0,0.22,0.21,0.0,0.0,0.0,0.0,0.0,0.0,0.0,0.0,0.0,0.0,0.0,0.0,0.0,0.0,0.0,0.0,0.0,0.0,0.0,0.0,0.0,0.0,0.0,0.0,0.0,0.0,0.0,0.0,0.0,0.0,0.0,0.0,0.0,0.0,0.0,0.0,0.0,0.0,0.0,0.0,0.0,0.0,0.0,0.0,0.0,0.0,0.0,0.0,0.0,0.0,0.0,0.0,0.0,0.0,0.0,0.0,0.0,0.0,0.0,0.0,0.0,0.0,0.0,0.0,0.0,0.0,0.0,0.0,0.0,0.0,0.0,0.0,0.0,0.0,0.0,0.0,0.0,0.0,0.0,0.0,0.0,0.0,0.0,0.0,74.88
08/09/2021,0.9,0.82,0.86,0.69,0.86,0.82,0.75,0.68,0.79,0.72,0.73,0.77,0.69,0.62,0.66,0.68,0.66,0.69,0.59,0.69,0.56,0.57,0.52,0.48,0.5,0.53,0.58,0.62,0.6,0.63,0.56,0.56,0.51,0.53,0.51,0.46,0.56,0.48,0.49,0.49,0.43,0.57,0.51,0.49,0.47,0.43,0.46,0.45,0.44,0.45,0.43,0.45,0.4,0.38,0.48,0.48,0.4,0.4,0.39,0.28,0.42,0.39,0.45,0.38,0.38,0.44,0.35,0.38,0.42,0.34,0.27,0.38,0.36,0.33,0.35,0.33,0.44,0.34,0.36,0.33,0.38,0.32,0.34,0.44,0.36,0.35,0.3,0.34,0.29,0.32,0.31,0.34,0.32,0.33,0.35,0.33,0.34,0.35,0.24,0.35,0.34,0.3,0.31,0.32,0.33,0.37,0.34,0.31,0.33,0.31,0.29,0.33,0.28,0.31,0.3,0.3,0.29,0.34,0.29,0.3,0.31,0.3,0.29,0.27,0.3,0.29,0.29,0.27,0.28,0.28,0.27,0.26,0.24,0.25,0.28,0.26,0.27,0.29,0.29,0.24,0.25,0.26,0.26,0.28,0.27,0.27,0.27,0.26,0.28,0.26,0.27,0.28,0.28,0.26,0.26,0.25,0.32,0.25,0.27,0.25,0.25,0.24,0.25,0.24,0.25,0.23,0.24,0.0,0.0,0.24,0.25,0.23,0.0,0.24,0.0,0.25,0.0,0.0,0.26,0.23,0.0,0.24,0.24,0.22,0.23,0.22,0.24,0.24,0.22,0.23,0.24,0.22,0.23,0.22,0.0,0.22,0.0,0.0,0.0,0.22,0.35,0.23,0.22,0.22,0.22,0.0,0.22,0.22,0.24,0.0,0.22,0.23,0.0,0.0,0.23,0.0,0.0,0.0,0.0,0.0,0.0,0.0,0.0,0.0,0.0,0.0,0.0,0.0,0.0,0.0,0.0,0.0,0.0,0.0,0.0,0.0,0.0,0.0,0.0,0.0,0.0,0.0,0.0,0.0,0.0,0.0,0.0,0.0,0.0,0.0,0.0,0.0,0.0,0.0,0.0,0.0,0.0,0.0,0.0,0.0,0.0,0.0,0.0,0.0,0.0,0.0,0.0,0.0,0.0,0.0,0.0,0.0,0.0,0.0,0.0,0.0,0.0,0.0,0.0,0.0,0.0,0.0,0.0,0.0,0.0,0.0,0.0,0.0,0.0,0.0,0.0,0.0,0.0,0.0,0.0,0.0,0.0,0.0,74.94
08/10/2021,0.87,0.82,0.86,0.69,0.86,0.82,0.78,0.71,0.79,0.7,0.73,0.77,0.7,0.63,0.65,0.67,0.67,0.69,0.59,0.67,0.56,0.57,0.52,0.49,0.49,0.54,0.57,0.61,0.6,0.65,0.52,0.56,0.6,0.52,0.49,0.45,0.55,0.48,0.49,0.49,0.43,0.59,0.51,0.49,0.47,0.44,0.49,0.46,0.44,0.44,0.43,0.45,0.41,0.4,0.48,0.48,0.39,0.4,0.4,0.28,0.42,0.38,0.44,0.37,0.38,0.44,0.35,0.38,0.4,0.34,0.28,0.39,0.36,0.33,0.35,0.34,0.43,0.33,0.36,0.34,0.38,0.33,0.34,0.43,0.36,0.35,0.3,0.33,0.29,0.28,0.32,0.34,0.32,0.33,0.35,0.33,0.34,0.35,0.23,0.33,0.33,0.3,0.31,0.33,0.32,0.37,0.34,0.32,0.33,0.31,0.3,0.33,0.28,0.31,0.3,0.3,0.29,0.29,0.28,0.3,0.32,0.29,0.29,0.29,0.29,0.29,0.29,0.27,0.29,0.28,0.23,0.27,0.25,0.25,0.28,0.26,0.27,0.29,0.29,0.24,0.25,0.26,0.25,0.28,0.27,0.28,0.27,0.26,0.28,0.26,0.27,0.28,0.27,0.26,0.26,0.25,0.32,0.25,0.27,0.25,0.25,0.24,0.25,0.24,0.25,0.23,0.24,0.0,0.0,0.25,0.25,0.23,0.0,0.24,0.0,0.25,0.0,0.0,0.25,0.23,0.0,0.24,0.24,0.22,0.23,0.22,0.24,0.24,0.22,0.23,0.24,0.22,0.23,0.0,0.0,0.22,0.0,0.0,0.22,0.22,0.35,0.23,0.21,0.22,0.0,0.0,0.23,0.22,0.24,0.0,0.23,0.25,0.0,0.21,0.22,0.0,0.0,0.0,0.0,0.0,0.0,0.0,0.0,0.0,0.0,0.0,0.0,0.0,0.0,0.0,0.0,0.0,0.0,0.0,0.0,0.0,0.0,0.0,0.0,0.0,0.0,0.0,0.0,0.0,0.0,0.0,0.0,0.0,0.0,0.0,0.0,0.0,0.0,0.0,0.0,0.0,0.0,0.0,0.0,0.0,0.0,0.0,0.0,0.0,0.0,0.0,0.0,0.0,0.0,0.0,0.0,0.0,0.0,0.0,0.0,0.0,0.0,0.0,0.0,0.0,0.0,0.0,0.0,0.0,0.0,0.0,0.0,0.0,0.0,0.0,0.0,0.0,0.0,0.0,0.0,0.0,0.0,0.0,74.89
08/11/2021,0.87,0.82,0.86,0.69,0.86,0.82,0.78,0.71,0.79,0.7,0.73,0.77,0.7,0.63,0.65,0.67,0.67,0.69,0.59,0.67,0.56,0.57,0.52,0.49,0.49,0.54,0.57,0.61,0.6,0.65,0.52,0.56,0.6,0.52,0.49,0.45,0.55,0.48,0.49,0.49,0.43,0.59,0.51,0.49,0.47,0.44,0.49,0.46,0.44,0.44,0.43,0.45,0.41,0.4,0.48,0.48,0.39,0.4,0.4,0.28,0.42,0.38,0.44,0.37,0.38,0.44,0.35,0.38,0.4,0.34,0.28,0.39,0.36,0.33,0.35,0.34,0.43,0.33,0.36,0.34,0.38,0.33,0.34,0.43,0.36,0.35,0.3,0.33,0.29,0.28,0.32,0.34,0.32,0.33,0.35,0.33,0.34,0.35,0.23,0.33,0.33,0.3,0.31,0.33,0.32,0.37,0.34,0.32,0.33,0.31,0.3,0.33,0.28,0.31,0.3,0.3,0.29,0.29,0.28,0.3,0.32,0.29,0.29,0.29,0.29,0.29,0.29,0.27,0.29,0.28,0.23,0.27,0.25,0.25,0.28,0.26,0.27,0.29,0.29,0.24,0.25,0.26,0.25,0.28,0.27,0.28,0.27,0.26,0.28,0.26,0.27,0.28,0.27,0.26,0.26,0.25,0.32,0.25,0.27,0.25,0.25,0.24,0.25,0.24,0.25,0.23,0.24,0.0,0.0,0.25,0.25,0.23,0.0,0.24,0.0,0.25,0.0,0.0,0.25,0.23,0.0,0.24,0.24,0.22,0.23,0.22,0.24,0.24,0.22,0.23,0.24,0.22,0.23,0.0,0.0,0.22,0.0,0.0,0.22,0.22,0.35,0.23,0.21,0.22,0.0,0.0,0.23,0.22,0.24,0.0,0.23,0.25,0.0,0.21,0.22,0.0,0.0,0.0,0.0,0.0,0.0,0.0,0.0,0.0,0.0,0.0,0.0,0.0,0.0,0.0,0.0,0.0,0.0,0.0,0.0,0.0,0.0,0.0,0.0,0.0,0.0,0.0,0.0,0.0,0.0,0.0,0.0,0.0,0.0,0.0,0.0,0.0,0.0,0.0,0.0,0.0,0.0,0.0,0.0,0.0,0.0,0.0,0.0,0.0,0.0,0.0,0.0,0.0,0.0,0.0,0.0,0.0,0.0,0.0,0.0,0.0,0.0,0.0,0.0,0.0,0.0,0.0,0.0,0.0,0.0,0.0,0.0,0.0,0.0,0.0,0.0,0.0,0.0,0.0,0.0,0.0,0.0,0.0,74.89
08/13/2021,0.86,0.81,0.85,0.73,0.85,0.81,0.79,0.72,0.78,0.68,0.76,0.76,0.7,0.61,0.63,0.65,0.64,0.7,0.57,0.67,0.55,0.56,0.53,0.49,0.49,0.52,0.55,0.64,0.58,0.63,0.52,0.56,0.6,0.52,0.48,0.47,0.56,0.48,0.49,0.46,0.42,0.58,0.52,0.48,0.48,0.46,0.49,0.46,0.45,0.44,0.43,0.47,0.41,0.4,0.46,0.48,0.37,0.42,0.4,0.28,0.43,0.37,0.45,0.38,0.38,0.43,0.36,0.37,0.38,0.33,0.27,0.4,0.35,0.33,0.34,0.34,0.43,0.35,0.34,0.35,0.36,0.34,0.33,0.43,0.36,0.36,0.28,0.32,0.3,0.29,0.33,0.32,0.32,0.33,0.35,0.33,0.34,0.33,0.24,0.32,0.32,0.29,0.3,0.35,0.31,0.37,0.33,0.32,0.33,0.29,0.3,0.33,0.27,0.32,0.3,0.29,0.29,0.31,0.28,0.31,0.32,0.3,0.3,0.29,0.3,0.29,0.29,0.28,0.3,0.28,0.22,0.28,0.25,0.25,0.28,0.25,0.27,0.3,0.29,0.23,0.25,0.27,0.25,0.28,0.27,0.28,0.28,0.27,0.28,0.26,0.27,0.28,0.27,0.26,0.26,0.26,0.32,0.25,0.26,0.25,0.24,0.24,0.25,0.25,0.24,0.23,0.23,0.0,0.0,0.24,0.25,0.24,0.0,0.24,0.0,0.24,0.0,0.0,0.25,0.23,0.22,0.24,0.25,0.22,0.23,0.22,0.24,0.24,0.22,0.24,0.23,0.22,0.24,0.0,0.0,0.22,0.0,0.23,0.22,0.0,0.34,0.23,0.0,0.22,0.0,0.0,0.24,0.23,0.24,0.0,0.23,0.26,0.0,0.0,0.29,0.22,0.0,0.0,0.0,0.0,0.0,0.0,0.0,0.0,0.0,0.0,0.0,0.0,0.0,0.0,0.0,0.0,0.0,0.0,0.0,0.0,0.0,0.0,0.0,0.0,0.0,0.0,0.0,0.0,0.0,0.0,0.0,0.0,0.0,0.0,0.0,0.0,0.0,0.0,0.0,0.0,0.0,0.0,0.0,0.0,0.0,0.0,0.0,0.0,0.0,0.0,0.0,0.0,0.0,0.0,0.0,0.0,0.0,0.0,0.0,0.0,0.0,0.0,0.0,0.0,0.0,0.0,0.0,0.0,0.0,0.0,0.0,0.0,0.0,0.0,0.0,0.0,0.0,0.0,0.0,0.0,0.0,0.0,74.81
08/16/2021,0.86,0.8,0.73,0.77,0.87,0.8,0.77,0.75,0.78,0.67,0.76,0.77,0.68,0.6,0.62,0.67,0.64,0.71,0.57,0.66,0.55,0.56,0.53,0.48,0.48,0.5,0.56,0.65,0.58,0.62,0.51,0.56,0.59,0.53,0.47,0.47,0.55,0.48,0.49,0.44,0.42,0.56,0.52,0.47,0.48,0.45,0.5,0.47,0.45,0.44,0.42,0.45,0.42,0.4,0.46,0.5,0.32,0.42,0.4,0.27,0.43,0.36,0.44,0.37,0.37,0.43,0.36,0.4,0.37,0.33,0.26,0.39,0.35,0.33,0.35,0.33,0.44,0.34,0.35,0.35,0.36,0.33,0.34,0.44,0.36,0.36,0.29,0.32,0.3,0.29,0.34,0.31,0.33,0.33,0.35,0.33,0.35,0.33,0.22,0.31,0.3,0.29,0.3,0.35,0.3,0.36,0.32,0.33,0.33,0.31,0.3,0.34,0.27,0.3,0.31,0.29,0.28,0.29,0.28,0.31,0.32,0.31,0.3,0.3,0.3,0.3,0.29,0.28,0.3,0.28,0.22,0.27,0.24,0.25,0.29,0.25,0.27,0.3,0.29,0.22,0.25,0.28,0.26,0.28,0.26,0.27,0.29,0.27,0.28,0.27,0.27,0.26,0.27,0.26,0.27,0.26,0.32,0.25,0.26,0.25,0.24,0.25,0.26,0.25,0.24,0.23,0.24,0.0,0.22,0.24,0.25,0.22,0.0,0.24,0.0,0.24,0.0,0.0,0.25,0.23,0.0,0.24,0.25,0.22,0.23,0.23,0.24,0.24,0.22,0.24,0.23,0.0,0.24,0.0,0.0,0.22,0.0,0.22,0.22,0.0,0.34,0.23,0.0,0.22,0.0,0.0,0.25,0.23,0.24,0.0,0.23,0.26,0.0,0.23,0.28,0.22,0.0,0.0,0.0,0.0,0.0,0.0,0.0,0.0,0.0,0.0,0.0,0.0,0.0,0.0,0.0,0.0,0.0,0.0,0.0,0.0,0.0,0.0,0.0,0.0,0.0,0.0,0.0,0.0,0.0,0.0,0.0,0.0,0.0,0.0,0.0,0.0,0.0,0.0,0.0,0.0,0.0,0.0,0.0,0.0,0.0,0.0,0.0,0.0,0.0,0.0,0.0,0.0,0.0,0.0,0.0,0.0,0.0,0.0,0.0,0.0,0.0,0.0,0.0,0.0,0.0,0.0,0.0,0.0,0.0,0.0,0.0,0.0,0.0,0.0,0.0,0.0,0.0,0.0,0.0,0.0,0.0,0.0,74.53
08/17/2021,0.84,0.79,0.74,0.75,0.87,0.81,0.76,0.74,0.77,0.66,0.77,0.77,0.67,0.6,0.61,0.67,0.65,0.71,0.57,0.63,0.55,0.56,0.53,0.47,0.5,0.5,0.56,0.65,0.58,0.62,0.51,0.57,0.6,0.53,0.49,0.48,0.56,0.47,0.49,0.44,0.41,0.56,0.51,0.47,0.49,0.45,0.5,0.47,0.45,0.45,0.45,0.46,0.43,0.39,0.46,0.51,0.32,0.41,0.39,0.27,0.43,0.36,0.43,0.37,0.37,0.44,0.36,0.4,0.37,0.33,0.26,0.4,0.35,0.33,0.35,0.32,0.45,0.34,0.34,0.34,0.36,0.33,0.34,0.44,0.36,0.35,0.29,0.33,0.3,0.27,0.33,0.31,0.33,0.33,0.35,0.33,0.35,0.33,0.22,0.31,0.31,0.29,0.3,0.35,0.3,0.36,0.32,0.33,0.33,0.31,0.3,0.33,0.27,0.3,0.31,0.29,0.29,0.29,0.28,0.31,0.32,0.31,0.31,0.3,0.31,0.29,0.29,0.28,0.3,0.28,0.22,0.27,0.24,0.25,0.29,0.25,0.27,0.3,0.29,0.22,0.25,0.28,0.26,0.28,0.26,0.27,0.3,0.27,0.28,0.27,0.27,0.26,0.27,0.26,0.27,0.26,0.32,0.25,0.27,0.25,0.24,0.24,0.26,0.25,0.24,0.23,0.23,0.0,0.0,0.24,0.25,0.22,0.0,0.24,0.0,0.24,0.0,0.0,0.26,0.23,0.0,0.24,0.25,0.0,0.23,0.23,0.24,0.25,0.23,0.24,0.23,0.22,0.24,0.0,0.0,0.22,0.0,0.27,0.22,0.22,0.33,0.24,0.0,0.22,0.0,0.0,0.25,0.23,0.24,0.0,0.23,0.26,0.0,0.22,0.29,0.22,0.0,0.0,0.0,0.0,0.0,0.0,0.0,0.0,0.0,0.0,0.0,0.0,0.0,0.0,0.0,0.0,0.0,0.0,0.0,0.0,0.0,0.0,0.0,0.0,0.0,0.0,0.0,0.0,0.0,0.0,0.0,0.0,0.0,0.0,0.0,0.0,0.0,0.0,0.0,0.0,0.0,0.0,0.0,0.0,0.0,0.0,0.0,0.0,0.0,0.0,0.0,0.0,0.0,0.0,0.0,0.0,0.0,0.0,0.0,0.0,0.0,0.0,0.0,0.0,0.0,0.0,0.0,0.0,0.0,0.0,0.0,0.0,0.0,0.0,0.0,0.0,0.0,0.0,0.0,0.0,0.0,0.0,74.58000000000001
08/18/2021,0.84,0.79,0.74,0.75,0.87,0.81,0.76,0.74,0.77,0.66,0.77,0.77,0.67,0.6,0.61,0.67,0.65,0.71,0.57,0.63,0.55,0.56,0.53,0.47,0.5,0.5,0.56,0.65,0.58,0.62,0.51,0.57,0.6,0.53,0.49,0.48,0.56,0.47,0.49,0.44,0.41,0.56,0.51,0.47,0.49,0.45,0.5,0.47,0.45,0.45,0.45,0.46,0.43,0.39,0.46,0.51,0.32,0.41,0.39,0.27,0.43,0.36,0.43,0.37,0.37,0.44,0.36,0.4,0.37,0.33,0.26,0.4,0.35,0.33,0.35,0.32,0.45,0.34,0.34,0.34,0.36,0.33,0.34,0.44,0.36,0.35,0.29,0.33,0.3,0.27,0.33,0.31,0.33,0.33,0.35,0.33,0.35,0.33,0.22,0.31,0.31,0.29,0.3,0.35,0.3,0.36,0.32,0.33,0.33,0.31,0.3,0.33,0.27,0.3,0.31,0.29,0.29,0.29,0.28,0.31,0.32,0.31,0.31,0.3,0.31,0.29,0.29,0.28,0.3,0.28,0.22,0.27,0.24,0.25,0.29,0.25,0.27,0.3,0.29,0.22,0.25,0.28,0.26,0.28,0.26,0.27,0.3,0.27,0.28,0.27,0.27,0.26,0.27,0.26,0.27,0.26,0.32,0.25,0.27,0.25,0.24,0.24,0.26,0.25,0.24,0.23,0.23,0.0,0.0,0.24,0.25,0.22,0.0,0.24,0.0,0.24,0.0,0.0,0.26,0.23,0.0,0.24,0.25,0.0,0.23,0.23,0.24,0.25,0.23,0.24,0.23,0.22,0.24,0.0,0.0,0.22,0.0,0.27,0.22,0.22,0.33,0.24,0.0,0.22,0.0,0.0,0.25,0.23,0.24,0.0,0.23,0.26,0.0,0.22,0.29,0.22,0.0,0.0,0.0,0.0,0.0,0.0,0.0,0.0,0.0,0.0,0.0,0.0,0.0,0.0,0.0,0.0,0.0,0.0,0.0,0.0,0.0,0.0,0.0,0.0,0.0,0.0,0.0,0.0,0.0,0.0,0.0,0.0,0.0,0.0,0.0,0.0,0.0,0.0,0.0,0.0,0.0,0.0,0.0,0.0,0.0,0.0,0.0,0.0,0.0,0.0,0.0,0.0,0.0,0.0,0.0,0.0,0.0,0.0,0.0,0.0,0.0,0.0,0.0,0.0,0.0,0.0,0.0,0.0,0.0,0.0,0.0,0.0,0.0,0.0,0.0,0.0,0.0,0.0,0.0,0.0,0.0,0.0,74.58000000000001
08/19/2021,0.84,0.79,0.74,0.75,0.87,0.81,0.76,0.74,0.77,0.66,0.77,0.77,0.67,0.6,0.61,0.67,0.65,0.71,0.57,0.63,0.55,0.56,0.53,0.47,0.5,0.5,0.56,0.65,0.58,0.62,0.51,0.57,0.6,0.53,0.49,0.48,0.56,0.47,0.49,0.44,0.41,0.56,0.51,0.47,0.49,0.45,0.5,0.47,0.45,0.45,0.45,0.46,0.43,0.39,0.46,0.51,0.32,0.41,0.39,0.27,0.43,0.36,0.43,0.37,0.37,0.44,0.36,0.4,0.37,0.33,0.26,0.4,0.35,0.33,0.35,0.32,0.45,0.34,0.34,0.34,0.36,0.33,0.34,0.44,0.36,0.35,0.29,0.33,0.3,0.27,0.33,0.31,0.33,0.33,0.35,0.33,0.35,0.33,0.22,0.31,0.31,0.29,0.3,0.35,0.3,0.36,0.32,0.33,0.33,0.31,0.3,0.33,0.27,0.3,0.31,0.29,0.29,0.29,0.28,0.31,0.32,0.31,0.31,0.3,0.31,0.29,0.29,0.28,0.3,0.28,0.22,0.27,0.24,0.25,0.29,0.25,0.27,0.3,0.29,0.22,0.25,0.28,0.26,0.28,0.26,0.27,0.3,0.27,0.28,0.27,0.27,0.26,0.27,0.26,0.27,0.26,0.32,0.25,0.27,0.25,0.24,0.24,0.26,0.25,0.24,0.23,0.23,0.0,0.0,0.24,0.25,0.22,0.0,0.24,0.0,0.24,0.0,0.0,0.26,0.23,0.0,0.24,0.25,0.0,0.23,0.23,0.24,0.25,0.23,0.24,0.23,0.22,0.24,0.0,0.0,0.22,0.0,0.27,0.22,0.22,0.33,0.24,0.0,0.22,0.0,0.0,0.25,0.23,0.24,0.0,0.23,0.26,0.0,0.22,0.29,0.22,0.0,0.0,0.0,0.0,0.0,0.0,0.0,0.0,0.0,0.0,0.0,0.0,0.0,0.0,0.0,0.0,0.0,0.0,0.0,0.0,0.0,0.0,0.0,0.0,0.0,0.0,0.0,0.0,0.0,0.0,0.0,0.0,0.0,0.0,0.0,0.0,0.0,0.0,0.0,0.0,0.0,0.0,0.0,0.0,0.0,0.0,0.0,0.0,0.0,0.0,0.0,0.0,0.0,0.0,0.0,0.0,0.0,0.0,0.0,0.0,0.0,0.0,0.0,0.0,0.0,0.0,0.0,0.0,0.0,0.0,0.0,0.0,0.0,0.0,0.0,0.0,0.0,0.0,0.0,0.0,0.0,0.0,74.58000000000001
08/20/2021,0.83,0.79,0.74,0.75,0.89,0.81,0.75,0.73,0.78,0.64,0.76,0.78,0.66,0.59,0.6,0.66,0.63,0.72,0.55,0.63,0.56,0.56,0.53,0.47,0.51,0.51,0.56,0.64,0.58,0.61,0.51,0.57,0.6,0.51,0.5,0.46,0.55,0.48,0.5,0.43,0.41,0.56,0.51,0.48,0.48,0.45,0.49,0.47,0.45,0.44,0.46,0.45,0.44,0.38,0.46,0.51,0.32,0.4,0.39,0.27,0.43,0.36,0.45,0.37,0.37,0.44,0.36,0.4,0.37,0.33,0.26,0.4,0.35,0.33,0.35,0.31,0.45,0.34,0.35,0.33,0.37,0.32,0.35,0.44,0.35,0.35,0.3,0.35,0.3,0.26,0.33,0.32,0.33,0.33,0.36,0.33,0.35,0.34,0.22,0.31,0.32,0.3,0.3,0.37,0.31,0.38,0.33,0.33,0.34,0.32,0.3,0.34,0.27,0.29,0.32,0.29,0.29,0.28,0.28,0.31,0.31,0.31,0.31,0.31,0.3,0.29,0.29,0.28,0.3,0.28,0.22,0.27,0.24,0.25,0.29,0.26,0.27,0.3,0.3,0.0,0.25,0.28,0.26,0.28,0.26,0.26,0.3,0.27,0.28,0.27,0.28,0.26,0.27,0.26,0.27,0.26,0.31,0.26,0.27,0.26,0.24,0.24,0.26,0.25,0.25,0.23,0.24,0.0,0.0,0.24,0.25,0.22,0.0,0.24,0.0,0.25,0.0,0.0,0.26,0.24,0.0,0.24,0.25,0.22,0.23,0.23,0.24,0.25,0.23,0.25,0.23,0.22,0.25,0.0,0.0,0.22,0.0,0.27,0.0,0.22,0.33,0.24,0.0,0.22,0.22,0.0,0.25,0.23,0.24,0.0,0.23,0.26,0.0,0.22,0.28,0.22,0.0,0.0,0.0,0.0,0.0,0.0,0.0,0.0,0.0,0.0,0.0,0.0,0.0,0.0,0.0,0.0,0.0,0.0,0.0,0.0,0.0,0.0,0.0,0.0,0.0,0.0,0.0,0.0,0.0,0.0,0.0,0.0,0.0,0.0,0.0,0.0,0.0,0.0,0.0,0.0,0.0,0.0,0.0,0.0,0.0,0.0,0.0,0.0,0.0,0.0,0.0,0.0,0.0,0.0,0.0,0.0,0.0,0.0,0.0,0.0,0.0,0.0,0.0,0.0,0.0,0.0,0.0,0.0,0.0,0.0,0.0,0.0,0.0,0.0,0.0,0.0,0.0,0.0,0.0,0.0,0.0,0.0,74.67
08/23/2021,0.84,0.89,0.76,0.73,0.92,0.8,0.75,0.71,0.79,0.64,0.76,0.79,0.65,0.61,0.6,0.66,0.63,0.73,0.54,0.63,0.59,0.55,0.51,0.47,0.49,0.5,0.57,0.6,0.59,0.64,0.5,0.56,0.6,0.54,0.51,0.47,0.56,0.48,0.49,0.42,0.39,0.56,0.49,0.48,0.48,0.47,0.49,0.47,0.45,0.45,0.47,0.44,0.43,0.37,0.46,0.53,0.32,0.38,0.39,0.26,0.42,0.37,0.48,0.37,0.38,0.44,0.36,0.41,0.37,0.33,0.26,0.41,0.32,0.32,0.36,0.32,0.44,0.36,0.36,0.33,0.37,0.32,0.35,0.46,0.34,0.33,0.3,0.34,0.3,0.25,0.35,0.33,0.33,0.33,0.37,0.33,0.32,0.35,0.22,0.33,0.32,0.3,0.3,0.36,0.33,0.36,0.35,0.31,0.33,0.32,0.3,0.33,0.27,0.3,0.31,0.29,0.29,0.28,0.29,0.31,0.3,0.31,0.3,0.31,0.3,0.29,0.29,0.28,0.31,0.28,0.22,0.26,0.23,0.24,0.3,0.26,0.27,0.3,0.3,0.0,0.25,0.28,0.27,0.27,0.26,0.25,0.3,0.27,0.29,0.27,0.28,0.27,0.28,0.27,0.27,0.25,0.31,0.26,0.28,0.26,0.25,0.24,0.27,0.26,0.25,0.22,0.24,0.0,0.0,0.24,0.24,0.0,0.0,0.24,0.0,0.25,0.0,0.0,0.27,0.24,0.0,0.24,0.25,0.22,0.23,0.23,0.23,0.25,0.23,0.24,0.24,0.22,0.25,0.0,0.0,0.22,0.0,0.28,0.21,0.22,0.34,0.24,0.22,0.22,0.23,0.0,0.24,0.24,0.24,0.0,0.24,0.26,0.0,0.0,0.28,0.22,0.0,0.0,0.0,0.0,0.0,0.0,0.0,0.0,0.0,0.0,0.0,0.0,0.0,0.0,0.0,0.0,0.0,0.0,0.0,0.0,0.0,0.0,0.0,0.0,0.0,0.0,0.0,0.0,0.0,0.0,0.0,0.0,0.0,0.0,0.0,0.0,0.0,0.0,0.0,0.0,0.0,0.0,0.0,0.0,0.0,0.0,0.0,0.0,0.0,0.0,0.0,0.0,0.0,0.0,0.0,0.0,0.0,0.0,0.0,0.0,0.0,0.0,0.0,0.0,0.0,0.0,0.0,0.0,0.0,0.0,0.0,0.0,0.0,0.0,0.0,0.0,0.0,0.0,0.0,0.0,0.0,0.0,74.86000000000001
08/24/2021,0.85,0.87,0.76,0.74,0.92,0.8,0.76,0.71,0.78,0.63,0.76,0.79,0.65,0.61,0.55,0.67,0.63,0.73,0.53,0.64,0.59,0.54,0.51,0.47,0.49,0.49,0.57,0.62,0.58,0.64,0.49,0.57,0.6,0.55,0.51,0.47,0.56,0.48,0.5,0.43,0.39,0.55,0.49,0.48,0.48,0.47,0.49,0.48,0.46,0.44,0.47,0.43,0.45,0.37,0.46,0.5,0.32,0.38,0.39,0.26,0.42,0.36,0.5,0.37,0.38,0.45,0.36,0.41,0.37,0.33,0.26,0.4,0.31,0.32,0.36,0.32,0.45,0.36,0.36,0.34,0.37,0.33,0.35,0.46,0.34,0.33,0.3,0.34,0.32,0.25,0.35,0.33,0.34,0.33,0.37,0.32,0.31,0.35,0.22,0.33,0.29,0.31,0.3,0.37,0.33,0.36,0.35,0.31,0.34,0.33,0.3,0.33,0.27,0.29,0.31,0.29,0.29,0.29,0.29,0.32,0.29,0.31,0.3,0.31,0.3,0.3,0.3,0.29,0.31,0.29,0.23,0.27,0.23,0.24,0.31,0.27,0.27,0.3,0.3,0.0,0.25,0.28,0.27,0.27,0.27,0.26,0.3,0.26,0.29,0.27,0.28,0.27,0.28,0.27,0.27,0.25,0.31,0.26,0.27,0.26,0.25,0.24,0.27,0.26,0.25,0.22,0.23,0.0,0.0,0.25,0.24,0.0,0.0,0.24,0.0,0.25,0.0,0.0,0.27,0.24,0.0,0.24,0.25,0.21,0.23,0.23,0.23,0.25,0.23,0.24,0.24,0.22,0.25,0.0,0.0,0.22,0.0,0.28,0.21,0.22,0.34,0.24,0.22,0.22,0.22,0.0,0.23,0.24,0.24,0.0,0.24,0.27,0.0,0.0,0.27,0.22,0.0,0.0,0.0,0.0,0.0,0.0,0.0,0.0,0.0,0.0,0.0,0.0,0.0,0.0,0.0,0.0,0.0,0.0,0.0,0.0,0.0,0.0,0.0,0.0,0.0,0.0,0.0,0.0,0.0,0.0,0.0,0.0,0.0,0.0,0.0,0.0,0.0,0.0,0.0,0.0,0.0,0.0,0.0,0.0,0.0,0.0,0.0,0.0,0.0,0.0,0.0,0.0,0.0,0.0,0.0,0.0,0.0,0.0,0.0,0.0,0.0,0.0,0.0,0.0,0.0,0.0,0.0,0.0,0.0,0.0,0.0,0.0,0.0,0.0,0.0,0.0,0.0,0.0,0.0,0.0,0.0,0.0,74.91
08/25/2021,0.85,0.87,0.76,0.74,0.92,0.8,0.76,0.71,0.78,0.63,0.76,0.79,0.65,0.61,0.55,0.67,0.63,0.73,0.53,0.64,0.59,0.54,0.51,0.47,0.49,0.49,0.57,0.62,0.58,0.64,0.49,0.57,0.6,0.55,0.51,0.47,0.56,0.48,0.5,0.43,0.39,0.55,0.49,0.48,0.48,0.47,0.49,0.48,0.46,0.44,0.47,0.43,0.45,0.37,0.46,0.5,0.32,0.38,0.39,0.26,0.42,0.36,0.5,0.37,0.38,0.45,0.36,0.41,0.37,0.33,0.26,0.4,0.31,0.32,0.36,0.32,0.45,0.36,0.36,0.34,0.37,0.33,0.35,0.46,0.34,0.33,0.3,0.34,0.32,0.25,0.35,0.33,0.34,0.33,0.37,0.32,0.31,0.35,0.22,0.33,0.29,0.31,0.3,0.37,0.33,0.36,0.35,0.31,0.34,0.33,0.3,0.33,0.27,0.29,0.31,0.29,0.29,0.29,0.29,0.32,0.29,0.31,0.3,0.31,0.3,0.3,0.3,0.29,0.31,0.29,0.23,0.27,0.23,0.24,0.31,0.27,0.27,0.3,0.3,0.0,0.25,0.28,0.27,0.27,0.27,0.26,0.3,0.26,0.29,0.27,0.28,0.27,0.28,0.27,0.27,0.25,0.31,0.26,0.27,0.26,0.25,0.24,0.27,0.26,0.25,0.22,0.23,0.0,0.0,0.25,0.24,0.0,0.0,0.24,0.0,0.25,0.0,0.0,0.27,0.24,0.0,0.24,0.25,0.21,0.23,0.23,0.23,0.25,0.23,0.24,0.24,0.22,0.25,0.0,0.0,0.22,0.0,0.28,0.21,0.22,0.0,0.24,0.22,0.22,0.22,0.0,0.23,0.24,0.24,0.0,0.24,0.27,0.0,0.0,0.0,0.22,0.34,0.27,0.0,0.0,0.0,0.0,0.0,0.0,0.0,0.0,0.0,0.0,0.0,0.0,0.0,0.0,0.0,0.0,0.0,0.0,0.0,0.0,0.0,0.0,0.0,0.0,0.0,0.0,0.0,0.0,0.0,0.0,0.0,0.0,0.0,0.0,0.0,0.0,0.0,0.0,0.0,0.0,0.0,0.0,0.0,0.0,0.0,0.0,0.0,0.0,0.0,0.0,0.0,0.0,0.0,0.0,0.0,0.0,0.0,0.0,0.0,0.0,0.0,0.0,0.0,0.0,0.0,0.0,0.0,0.0,0.0,0.0,0.0,0.0,0.0,0.0,0.0,0.0,0.0,0.0,0.0,0.0,74.91
08/26/2021,0.84,0.88,0.76,0.77,0.9,0.81,0.77,0.71,0.78,0.64,0.75,0.78,0.65,0.61,0.59,0.64,0.63,0.72,0.53,0.65,0.58,0.53,0.52,0.52,0.5,0.5,0.57,0.63,0.57,0.64,0.49,0.57,0.61,0.55,0.52,0.47,0.56,0.48,0.5,0.44,0.41,0.56,0.49,0.49,0.49,0.47,0.49,0.48,0.46,0.44,0.46,0.43,0.45,0.39,0.46,0.5,0.31,0.39,0.39,0.26,0.43,0.36,0.47,0.37,0.38,0.44,0.36,0.41,0.38,0.33,0.28,0.41,0.31,0.32,0.36,0.32,0.44,0.35,0.35,0.35,0.37,0.34,0.35,0.46,0.34,0.34,0.29,0.34,0.32,0.26,0.36,0.33,0.34,0.33,0.37,0.32,0.31,0.35,0.22,0.33,0.3,0.31,0.3,0.37,0.32,0.36,0.35,0.31,0.34,0.33,0.3,0.33,0.27,0.29,0.31,0.29,0.29,0.29,0.29,0.31,0.3,0.3,0.3,0.3,0.29,0.29,0.3,0.28,0.31,0.29,0.23,0.27,0.23,0.24,0.3,0.26,0.27,0.3,0.29,0.22,0.25,0.27,0.26,0.27,0.26,0.27,0.3,0.26,0.28,0.26,0.28,0.26,0.28,0.26,0.27,0.25,0.31,0.26,0.27,0.26,0.25,0.24,0.26,0.26,0.25,0.22,0.23,0.0,0.0,0.24,0.24,0.0,0.0,0.24,0.0,0.24,0.0,0.0,0.26,0.24,0.0,0.24,0.25,0.0,0.23,0.23,0.23,0.25,0.23,0.24,0.23,0.22,0.25,0.0,0.21,0.0,0.0,0.27,0.0,0.22,0.0,0.24,0.21,0.22,0.22,0.0,0.23,0.23,0.24,0.0,0.23,0.27,0.0,0.21,0.0,0.23,0.34,0.26,0.0,0.0,0.0,0.0,0.0,0.0,0.0,0.0,0.0,0.0,0.0,0.0,0.0,0.0,0.0,0.0,0.0,0.0,0.0,0.0,0.0,0.0,0.0,0.0,0.0,0.0,0.0,0.0,0.0,0.0,0.0,0.0,0.0,0.0,0.0,0.0,0.0,0.0,0.0,0.0,0.0,0.0,0.0,0.0,0.0,0.0,0.0,0.0,0.0,0.0,0.0,0.0,0.0,0.0,0.0,0.0,0.0,0.0,0.0,0.0,0.0,0.0,0.0,0.0,0.0,0.0,0.0,0.0,0.0,0.0,0.0,0.0,0.0,0.0,0.0,0.0,0.0,0.0,0.0,0.0,74.88
08/27/2021,0.85,0.88,0.75,0.77,0.88,0.8,0.77,0.72,0.78,0.66,0.75,0.77,0.66,0.61,0.62,0.64,0.62,0.71,0.54,0.63,0.58,0.54,0.52,0.51,0.5,0.5,0.57,0.63,0.57,0.63,0.5,0.56,0.61,0.54,0.51,0.47,0.55,0.48,0.5,0.43,0.4,0.56,0.49,0.49,0.49,0.46,0.5,0.48,0.46,0.43,0.44,0.42,0.45,0.39,0.46,0.49,0.3,0.39,0.39,0.26,0.43,0.36,0.47,0.37,0.38,0.44,0.37,0.39,0.39,0.32,0.29,0.4,0.31,0.33,0.35,0.33,0.45,0.34,0.35,0.36,0.36,0.35,0.35,0.46,0.34,0.36,0.3,0.34,0.32,0.26,0.37,0.33,0.34,0.33,0.37,0.32,0.32,0.35,0.22,0.33,0.3,0.31,0.3,0.37,0.33,0.36,0.35,0.32,0.35,0.32,0.29,0.33,0.26,0.29,0.31,0.29,0.29,0.29,0.28,0.31,0.29,0.31,0.29,0.3,0.3,0.29,0.29,0.28,0.31,0.29,0.24,0.27,0.22,0.25,0.3,0.26,0.27,0.3,0.29,0.22,0.26,0.27,0.27,0.28,0.25,0.26,0.3,0.26,0.28,0.26,0.27,0.26,0.28,0.26,0.26,0.25,0.3,0.26,0.26,0.25,0.25,0.24,0.26,0.26,0.24,0.22,0.23,0.0,0.0,0.24,0.24,0.0,0.0,0.24,0.0,0.24,0.0,0.0,0.26,0.24,0.0,0.24,0.25,0.0,0.22,0.23,0.23,0.25,0.22,0.24,0.23,0.22,0.24,0.0,0.0,0.0,0.21,0.27,0.0,0.22,0.0,0.23,0.21,0.22,0.22,0.0,0.23,0.23,0.23,0.0,0.23,0.27,0.0,0.22,0.0,0.23,0.35,0.26,0.0,0.0,0.0,0.0,0.0,0.0,0.0,0.0,0.0,0.0,0.0,0.0,0.0,0.0,0.0,0.0,0.0,0.0,0.0,0.0,0.0,0.0,0.0,0.0,0.0,0.0,0.0,0.0,0.0,0.0,0.0,0.0,0.0,0.0,0.0,0.0,0.0,0.0,0.0,0.0,0.0,0.0,0.0,0.0,0.0,0.0,0.0,0.0,0.0,0.0,0.0,0.0,0.0,0.0,0.0,0.0,0.0,0.0,0.0,0.0,0.0,0.0,0.0,0.0,0.0,0.0,0.0,0.0,0.0,0.0,0.0,0.0,0.0,0.0,0.0,0.0,0.0,0.0,0.0,0.0,74.73
08/30/2021,0.86,0.87,0.75,0.77,0.88,0.8,0.77,0.73,0.79,0.68,0.75,0.76,0.77,0.6,0.62,0.64,0.61,0.71,0.54,0.62,0.58,0.53,0.52,0.49,0.51,0.5,0.56,0.61,0.57,0.63,0.5,0.57,0.62,0.54,0.52,0.46,0.56,0.47,0.51,0.44,0.39,0.56,0.48,0.49,0.51,0.47,0.51,0.48,0.45,0.41,0.44,0.42,0.45,0.39,0.46,0.5,0.3,0.39,0.4,0.25,0.43,0.36,0.48,0.37,0.38,0.43,0.37,0.39,0.4,0.33,0.31,0.4,0.31,0.34,0.35,0.3,0.44,0.35,0.36,0.27,0.36,0.3,0.36,0.47,0.34,0.34,0.3,0.34,0.31,0.26,0.35,0.33,0.33,0.33,0.37,0.32,0.31,0.36,0.21,0.33,0.3,0.31,0.3,0.36,0.32,0.34,0.34,0.33,0.41,0.33,0.29,0.33,0.26,0.27,0.33,0.28,0.28,0.3,0.28,0.31,0.28,0.31,0.27,0.3,0.3,0.29,0.3,0.28,0.31,0.29,0.25,0.27,0.22,0.25,0.3,0.25,0.27,0.3,0.3,0.0,0.26,0.27,0.27,0.28,0.25,0.26,0.29,0.26,0.27,0.26,0.28,0.27,0.28,0.25,0.26,0.25,0.3,0.26,0.27,0.25,0.25,0.24,0.25,0.26,0.25,0.22,0.23,0.0,0.0,0.24,0.24,0.0,0.0,0.23,0.0,0.23,0.0,0.0,0.26,0.24,0.0,0.24,0.25,0.0,0.22,0.24,0.23,0.25,0.22,0.24,0.23,0.0,0.25,0.0,0.0,0.0,0.21,0.28,0.0,0.22,0.0,0.23,0.21,0.22,0.22,0.0,0.24,0.23,0.23,0.0,0.24,0.27,0.0,0.22,0.0,0.23,0.36,0.27,0.22,0.22,0.0,0.0,0.0,0.0,0.0,0.0,0.0,0.0,0.0,0.0,0.0,0.0,0.0,0.0,0.0,0.0,0.0,0.0,0.0,0.0,0.0,0.0,0.0,0.0,0.0,0.0,0.0,0.0,0.0,0.0,0.0,0.0,0.0,0.0,0.0,0.0,0.0,0.0,0.0,0.0,0.0,0.0,0.0,0.0,0.0,0.0,0.0,0.0,0.0,0.0,0.0,0.0,0.0,0.0,0.0,0.0,0.0,0.0,0.0,0.0,0.0,0.0,0.0,0.0,0.0,0.0,0.0,0.0,0.0,0.0,0.0,0.0,0.0,0.0,0.0,0.0,0.0,0.0,74.73
08/31/2021,0.87,0.87,0.75,0.8,0.86,0.8,0.76,0.74,0.78,0.67,0.75,0.75,0.76,0.61,0.63,0.63,0.61,0.71,0.53,0.63,0.58,0.53,0.53,0.5,0.52,0.51,0.56,0.61,0.56,0.64,0.51,0.57,0.63,0.54,0.52,0.46,0.55,0.47,0.51,0.45,0.38,0.58,0.48,0.49,0.51,0.47,0.51,0.48,0.45,0.41,0.44,0.41,0.45,0.4,0.46,0.49,0.3,0.39,0.4,0.25,0.43,0.36,0.48,0.37,0.39,0.42,0.37,0.39,0.4,0.33,0.3,0.4,0.31,0.34,0.36,0.31,0.44,0.34,0.36,0.27,0.36,0.29,0.35,0.47,0.34,0.34,0.29,0.33,0.3,0.26,0.35,0.33,0.32,0.33,0.37,0.32,0.31,0.35,0.21,0.33,0.31,0.31,0.3,0.34,0.32,0.34,0.33,0.32,0.42,0.33,0.29,0.33,0.27,0.25,0.33,0.28,0.29,0.3,0.28,0.31,0.28,0.31,0.26,0.29,0.3,0.29,0.3,0.28,0.31,0.29,0.26,0.27,0.22,0.25,0.3,0.26,0.27,0.3,0.3,0.21,0.26,0.27,0.26,0.29,0.25,0.27,0.29,0.26,0.27,0.26,0.28,0.26,0.27,0.25,0.26,0.25,0.31,0.26,0.26,0.25,0.25,0.25,0.25,0.26,0.24,0.0,0.23,0.0,0.0,0.24,0.24,0.0,0.0,0.23,0.0,0.23,0.0,0.0,0.26,0.24,0.0,0.24,0.25,0.0,0.22,0.24,0.23,0.25,0.22,0.24,0.23,0.0,0.25,0.0,0.0,0.0,0.22,0.27,0.0,0.22,0.0,0.23,0.0,0.22,0.22,0.0,0.24,0.23,0.23,0.0,0.24,0.27,0.0,0.22,0.0,0.22,0.36,0.26,0.21,0.21,0.21,0.0,0.0,0.0,0.0,0.0,0.0,0.0,0.0,0.0,0.0,0.0,0.0,0.0,0.0,0.0,0.0,0.0,0.0,0.0,0.0,0.0,0.0,0.0,0.0,0.0,0.0,0.0,0.0,0.0,0.0,0.0,0.0,0.0,0.0,0.0,0.0,0.0,0.0,0.0,0.0,0.0,0.0,0.0,0.0,0.0,0.0,0.0,0.0,0.0,0.0,0.0,0.0,0.0,0.0,0.0,0.0,0.0,0.0,0.0,0.0,0.0,0.0,0.0,0.0,0.0,0.0,0.0,0.0,0.0,0.0,0.0,0.0,0.0,0.0,0.0,0.0,0.0,74.63
09/01/2021,0.87,0.87,0.75,0.8,0.86,0.8,0.76,0.74,0.78,0.67,0.75,0.75,0.76,0.61,0.63,0.63,0.61,0.71,0.53,0.63,0.58,0.53,0.53,0.5,0.52,0.51,0.56,0.61,0.56,0.64,0.51,0.57,0.63,0.54,0.52,0.46,0.55,0.47,0.51,0.45,0.38,0.58,0.48,0.49,0.51,0.47,0.51,0.48,0.45,0.41,0.44,0.41,0.45,0.4,0.46,0.49,0.3,0.39,0.4,0.25,0.43,0.36,0.48,0.37,0.39,0.42,0.37,0.39,0.4,0.33,0.3,0.4,0.31,0.34,0.36,0.31,0.44,0.34,0.36,0.27,0.36,0.29,0.35,0.47,0.34,0.34,0.29,0.33,0.3,0.26,0.35,0.33,0.32,0.33,0.37,0.32,0.31,0.35,0.21,0.33,0.31,0.31,0.3,0.34,0.32,0.34,0.33,0.32,0.42,0.33,0.29,0.33,0.27,0.25,0.33,0.28,0.29,0.3,0.28,0.31,0.28,0.31,0.26,0.29,0.3,0.29,0.3,0.28,0.31,0.29,0.26,0.27,0.22,0.25,0.3,0.26,0.27,0.3,0.3,0.21,0.26,0.27,0.26,0.29,0.25,0.27,0.29,0.26,0.27,0.26,0.28,0.26,0.27,0.25,0.26,0.25,0.31,0.26,0.26,0.25,0.25,0.25,0.25,0.26,0.24,0.0,0.23,0.0,0.0,0.24,0.24,0.0,0.0,0.23,0.0,0.23,0.0,0.0,0.26,0.24,0.0,0.24,0.25,0.0,0.22,0.24,0.23,0.25,0.22,0.24,0.23,0.0,0.25,0.0,0.0,0.0,0.22,0.27,0.0,0.22,0.0,0.23,0.0,0.22,0.22,0.0,0.24,0.23,0.23,0.0,0.24,0.27,0.0,0.22,0.0,0.22,0.36,0.26,0.21,0.21,0.21,0.0,0.0,0.0,0.0,0.0,0.0,0.0,0.0,0.0,0.0,0.0,0.0,0.0,0.0,0.0,0.0,0.0,0.0,0.0,0.0,0.0,0.0,0.0,0.0,0.0,0.0,0.0,0.0,0.0,0.0,0.0,0.0,0.0,0.0,0.0,0.0,0.0,0.0,0.0,0.0,0.0,0.0,0.0,0.0,0.0,0.0,0.0,0.0,0.0,0.0,0.0,0.0,0.0,0.0,0.0,0.0,0.0,0.0,0.0,0.0,0.0,0.0,0.0,0.0,0.0,0.0,0.0,0.0,0.0,0.0,0.0,0.0,0.0,0.0,0.0,0.0,0.0,74.63
09/02/2021,0.87,0.87,0.75,0.8,0.86,0.8,0.76,0.74,0.78,0.67,0.75,0.75,0.76,0.61,0.63,0.63,0.61,0.71,0.53,0.63,0.58,0.53,0.53,0.5,0.52,0.51,0.56,0.61,0.56,0.64,0.51,0.57,0.63,0.54,0.52,0.46,0.55,0.47,0.51,0.45,0.38,0.58,0.48,0.49,0.51,0.47,0.51,0.48,0.45,0.41,0.44,0.41,0.45,0.4,0.46,0.49,0.3,0.39,0.4,0.25,0.43,0.36,0.48,0.37,0.39,0.42,0.37,0.39,0.4,0.33,0.3,0.4,0.31,0.34,0.36,0.31,0.44,0.34,0.36,0.27,0.36,0.29,0.35,0.47,0.34,0.34,0.29,0.33,0.3,0.26,0.35,0.33,0.32,0.33,0.37,0.32,0.31,0.35,0.21,0.33,0.31,0.31,0.3,0.34,0.32,0.34,0.33,0.32,0.42,0.33,0.29,0.33,0.27,0.25,0.33,0.28,0.29,0.3,0.28,0.31,0.28,0.31,0.26,0.29,0.3,0.29,0.3,0.28,0.31,0.29,0.26,0.27,0.22,0.25,0.3,0.26,0.27,0.3,0.3,0.21,0.26,0.27,0.26,0.29,0.25,0.27,0.29,0.26,0.27,0.26,0.28,0.26,0.27,0.25,0.26,0.25,0.31,0.26,0.26,0.25,0.25,0.25,0.25,0.26,0.24,0.0,0.23,0.0,0.0,0.24,0.24,0.0,0.0,0.23,0.0,0.23,0.0,0.0,0.26,0.24,0.0,0.24,0.25,0.0,0.22,0.24,0.23,0.25,0.22,0.24,0.23,0.0,0.25,0.0,0.0,0.0,0.22,0.27,0.0,0.22,0.0,0.23,0.0,0.22,0.22,0.0,0.24,0.23,0.23,0.0,0.24,0.27,0.0,0.22,0.0,0.22,0.36,0.26,0.21,0.21,0.21,0.0,0.0,0.0,0.0,0.0,0.0,0.0,0.0,0.0,0.0,0.0,0.0,0.0,0.0,0.0,0.0,0.0,0.0,0.0,0.0,0.0,0.0,0.0,0.0,0.0,0.0,0.0,0.0,0.0,0.0,0.0,0.0,0.0,0.0,0.0,0.0,0.0,0.0,0.0,0.0,0.0,0.0,0.0,0.0,0.0,0.0,0.0,0.0,0.0,0.0,0.0,0.0,0.0,0.0,0.0,0.0,0.0,0.0,0.0,0.0,0.0,0.0,0.0,0.0,0.0,0.0,0.0,0.0,0.0,0.0,0.0,0.0,0.0,0.0,0.0,0.0,0.0,74.63
09/03/2021,0.86,0.87,0.75,0.77,0.89,0.8,0.76,0.73,0.78,0.64,0.76,0.77,0.76,0.6,0.6,0.64,0.6,0.71,0.53,0.72,0.57,0.53,0.53,0.53,0.52,0.51,0.56,0.61,0.57,0.64,0.52,0.58,0.65,0.54,0.52,0.46,0.55,0.48,0.52,0.46,0.38,0.59,0.47,0.48,0.51,0.46,0.5,0.48,0.45,0.41,0.44,0.41,0.45,0.4,0.45,0.49,0.3,0.38,0.4,0.24,0.42,0.36,0.48,0.37,0.38,0.42,0.37,0.38,0.4,0.33,0.0,0.4,0.31,0.34,0.36,0.3,0.44,0.34,0.37,0.26,0.37,0.29,0.36,0.48,0.34,0.34,0.29,0.34,0.3,0.26,0.35,0.33,0.33,0.33,0.37,0.32,0.3,0.0,0.0,0.34,0.33,0.31,0.29,0.34,0.32,0.34,0.33,0.32,0.43,0.33,0.29,0.33,0.27,0.26,0.32,0.28,0.28,0.3,0.28,0.3,0.28,0.31,0.27,0.29,0.3,0.28,0.29,0.28,0.31,0.29,0.26,0.26,0.22,0.24,0.3,0.26,0.27,0.3,0.3,0.0,0.26,0.27,0.26,0.28,0.25,0.27,0.29,0.26,0.27,0.26,0.28,0.27,0.28,0.25,0.26,0.25,0.3,0.26,0.27,0.25,0.25,0.25,0.25,0.25,0.25,0.21,0.23,0.0,0.0,0.24,0.24,0.0,0.0,0.23,0.0,0.24,0.0,0.0,0.26,0.24,0.0,0.24,0.24,0.0,0.22,0.24,0.23,0.26,0.22,0.24,0.23,0.0,0.25,0.0,0.0,0.0,0.21,0.27,0.0,0.22,0.0,0.23,0.21,0.22,0.22,0.0,0.24,0.23,0.23,0.0,0.24,0.27,0.0,0.22,0.0,0.23,0.36,0.26,0.22,0.21,0.21,0.35,0.3,0.0,0.0,0.0,0.0,0.0,0.0,0.0,0.0,0.0,0.0,0.0,0.0,0.0,0.0,0.0,0.0,0.0,0.0,0.0,0.0,0.0,0.0,0.0,0.0,0.0,0.0,0.0,0.0,0.0,0.0,0.0,0.0,0.0,0.0,0.0,0.0,0.0,0.0,0.0,0.0,0.0,0.0,0.0,0.0,0.0,0.0,0.0,0.0,0.0,0.0,0.0,0.0,0.0,0.0,0.0,0.0,0.0,0.0,0.0,0.0,0.0,0.0,0.0,0.0,0.0,0.0,0.0,0.0,0.0,0.0,0.0,0.0,0.0,0.0,0.0,74.71000000000001
09/06/2021,0.85,0.87,0.75,0.75,0.93,0.8,0.75,0.72,0.79,0.64,0.76,0.79,0.76,0.6,0.62,0.64,0.59,0.73,0.54,0.7,0.58,0.54,0.53,0.6,0.52,0.5,0.59,0.6,0.57,0.64,0.51,0.57,0.65,0.53,0.52,0.47,0.54,0.46,0.51,0.48,0.38,0.59,0.49,0.47,0.57,0.45,0.5,0.46,0.45,0.4,0.44,0.41,0.47,0.39,0.47,0.51,0.31,0.39,0.4,0.24,0.42,0.37,0.49,0.37,0.39,0.4,0.38,0.38,0.41,0.33,0.0,0.4,0.31,0.34,0.35,0.26,0.42,0.34,0.37,0.26,0.35,0.28,0.36,0.48,0.33,0.33,0.3,0.35,0.3,0.27,0.34,0.34,0.31,0.33,0.38,0.31,0.3,0.0,0.22,0.33,0.34,0.32,0.3,0.29,0.33,0.33,0.33,0.32,0.42,0.33,0.29,0.33,0.27,0.25,0.32,0.29,0.28,0.32,0.29,0.3,0.29,0.3,0.27,0.29,0.3,0.28,0.26,0.27,0.32,0.3,0.26,0.26,0.24,0.24,0.3,0.26,0.27,0.3,0.3,0.0,0.26,0.27,0.26,0.27,0.25,0.27,0.3,0.26,0.27,0.26,0.28,0.26,0.28,0.25,0.27,0.25,0.3,0.26,0.27,0.25,0.25,0.25,0.24,0.25,0.25,0.0,0.23,0.22,0.0,0.24,0.23,0.0,0.0,0.23,0.0,0.24,0.21,0.0,0.26,0.24,0.0,0.24,0.25,0.0,0.22,0.24,0.23,0.26,0.22,0.24,0.23,0.21,0.24,0.0,0.0,0.0,0.21,0.27,0.0,0.23,0.0,0.23,0.21,0.0,0.22,0.0,0.23,0.23,0.23,0.0,0.24,0.28,0.0,0.0,0.0,0.23,0.36,0.25,0.0,0.0,0.22,0.35,0.31,0.22,0.0,0.0,0.0,0.0,0.0,0.0,0.0,0.0,0.0,0.0,0.0,0.0,0.0,0.0,0.0,0.0,0.0,0.0,0.0,0.0,0.0,0.0,0.0,0.0,0.0,0.0,0.0,0.0,0.0,0.0,0.0,0.0,0.0,0.0,0.0,0.0,0.0,0.0,0.0,0.0,0.0,0.0,0.0,0.0,0.0,0.0,0.0,0.0,0.0,0.0,0.0,0.0,0.0,0.0,0.0,0.0,0.0,0.0,0.0,0.0,0.0,0.0,0.0,0.0,0.0,0.0,0.0,0.0,0.0,0.0,0.0,0.0,0.0,0.0,74.82
09/07/2021,0.85,0.89,0.75,0.74,0.93,0.8,0.74,0.7,0.78,0.63,0.76,0.81,0.76,0.6,0.61,0.64,0.6,0.72,0.55,0.71,0.57,0.54,0.53,0.6,0.52,0.5,0.6,0.58,0.58,0.64,0.52,0.57,0.65,0.53,0.52,0.47,0.54,0.47,0.51,0.48,0.39,0.59,0.48,0.47,0.57,0.46,0.5,0.46,0.45,0.4,0.44,0.41,0.46,0.39,0.47,0.51,0.31,0.39,0.4,0.24,0.42,0.37,0.5,0.37,0.38,0.41,0.37,0.38,0.41,0.34,0.0,0.4,0.31,0.34,0.35,0.26,0.42,0.34,0.37,0.25,0.36,0.27,0.36,0.49,0.32,0.33,0.29,0.36,0.3,0.26,0.33,0.33,0.31,0.33,0.37,0.31,0.3,0.0,0.22,0.33,0.34,0.31,0.3,0.31,0.33,0.33,0.33,0.32,0.44,0.33,0.29,0.32,0.27,0.25,0.32,0.29,0.28,0.33,0.29,0.3,0.29,0.3,0.27,0.29,0.3,0.28,0.27,0.27,0.32,0.3,0.27,0.26,0.0,0.24,0.3,0.26,0.27,0.3,0.3,0.0,0.26,0.27,0.26,0.27,0.25,0.26,0.3,0.25,0.27,0.26,0.29,0.26,0.29,0.25,0.27,0.25,0.3,0.27,0.28,0.26,0.26,0.25,0.24,0.25,0.25,0.0,0.23,0.22,0.0,0.24,0.23,0.0,0.0,0.23,0.0,0.24,0.22,0.0,0.26,0.24,0.0,0.24,0.24,0.0,0.22,0.24,0.22,0.26,0.21,0.24,0.23,0.0,0.24,0.0,0.0,0.0,0.22,0.27,0.21,0.22,0.0,0.23,0.21,0.0,0.22,0.0,0.23,0.23,0.23,0.0,0.24,0.28,0.0,0.0,0.0,0.24,0.35,0.26,0.0,0.0,0.22,0.36,0.31,0.22,0.21,0.0,0.0,0.0,0.0,0.0,0.0,0.0,0.0,0.0,0.0,0.0,0.0,0.0,0.0,0.0,0.0,0.0,0.0,0.0,0.0,0.0,0.0,0.0,0.0,0.0,0.0,0.0,0.0,0.0,0.0,0.0,0.0,0.0,0.0,0.0,0.0,0.0,0.0,0.0,0.0,0.0,0.0,0.0,0.0,0.0,0.0,0.0,0.0,0.0,0.0,0.0,0.0,0.0,0.0,0.0,0.0,0.0,0.0,0.0,0.0,0.0,0.0,0.0,0.0,0.0,0.0,0.0,0.0,0.0,0.0,0.0,0.0,0.0,74.84
09/08/2021,0.85,0.89,0.75,0.74,0.93,0.8,0.74,0.7,0.78,0.63,0.76,0.81,0.76,0.6,0.61,0.64,0.6,0.72,0.55,0.71,0.57,0.54,0.53,0.6,0.52,0.5,0.6,0.58,0.58,0.64,0.52,0.57,0.65,0.53,0.52,0.47,0.54,0.47,0.51,0.48,0.39,0.59,0.48,0.47,0.57,0.46,0.5,0.46,0.45,0.4,0.44,0.41,0.46,0.39,0.47,0.51,0.31,0.39,0.4,0.24,0.42,0.37,0.5,0.37,0.38,0.41,0.37,0.38,0.41,0.34,0.0,0.4,0.31,0.34,0.35,0.26,0.42,0.34,0.37,0.25,0.36,0.27,0.36,0.49,0.32,0.33,0.29,0.36,0.3,0.26,0.33,0.33,0.31,0.33,0.37,0.31,0.3,0.0,0.22,0.33,0.34,0.31,0.3,0.31,0.33,0.33,0.33,0.32,0.44,0.33,0.29,0.32,0.27,0.25,0.32,0.29,0.28,0.33,0.29,0.3,0.29,0.3,0.27,0.29,0.3,0.28,0.27,0.27,0.32,0.3,0.27,0.26,0.0,0.24,0.3,0.26,0.27,0.3,0.3,0.0,0.26,0.27,0.26,0.27,0.25,0.26,0.3,0.25,0.27,0.26,0.29,0.26,0.29,0.25,0.27,0.25,0.3,0.27,0.28,0.26,0.26,0.25,0.24,0.25,0.25,0.0,0.23,0.22,0.0,0.24,0.23,0.0,0.0,0.23,0.0,0.24,0.22,0.0,0.26,0.24,0.0,0.24,0.24,0.0,0.22,0.24,0.22,0.26,0.21,0.24,0.23,0.0,0.24,0.0,0.0,0.0,0.22,0.27,0.21,0.22,0.0,0.23,0.21,0.0,0.22,0.0,0.23,0.23,0.23,0.0,0.24,0.28,0.0,0.0,0.0,0.24,0.35,0.26,0.0,0.0,0.22,0.36,0.31,0.22,0.21,0.0,0.0,0.0,0.0,0.0,0.0,0.0,0.0,0.0,0.0,0.0,0.0,0.0,0.0,0.0,0.0,0.0,0.0,0.0,0.0,0.0,0.0,0.0,0.0,0.0,0.0,0.0,0.0,0.0,0.0,0.0,0.0,0.0,0.0,0.0,0.0,0.0,0.0,0.0,0.0,0.0,0.0,0.0,0.0,0.0,0.0,0.0,0.0,0.0,0.0,0.0,0.0,0.0,0.0,0.0,0.0,0.0,0.0,0.0,0.0,0.0,0.0,0.0,0.0,0.0,0.0,0.0,0.0,0.0,0.0,0.0,0.0,0.0,74.84
09/09/2021,0.85,0.89,0.75,0.74,0.93,0.8,0.74,0.7,0.78,0.63,0.76,0.81,0.76,0.6,0.61,0.64,0.6,0.72,0.55,0.71,0.57,0.54,0.53,0.6,0.52,0.5,0.6,0.58,0.58,0.64,0.52,0.57,0.65,0.53,0.52,0.47,0.54,0.47,0.51,0.48,0.39,0.59,0.48,0.47,0.57,0.46,0.5,0.46,0.45,0.4,0.44,0.41,0.46,0.39,0.47,0.51,0.31,0.39,0.4,0.24,0.42,0.37,0.5,0.37,0.38,0.41,0.37,0.38,0.41,0.34,0.0,0.4,0.31,0.34,0.35,0.26,0.42,0.34,0.37,0.25,0.36,0.27,0.36,0.49,0.32,0.33,0.29,0.36,0.3,0.26,0.33,0.33,0.31,0.33,0.37,0.31,0.3,0.0,0.22,0.33,0.34,0.31,0.3,0.31,0.33,0.33,0.33,0.32,0.44,0.33,0.29,0.32,0.27,0.25,0.32,0.29,0.28,0.33,0.29,0.3,0.29,0.3,0.27,0.29,0.3,0.28,0.27,0.27,0.32,0.3,0.27,0.26,0.0,0.24,0.3,0.26,0.27,0.3,0.3,0.0,0.26,0.27,0.26,0.27,0.25,0.26,0.3,0.25,0.27,0.26,0.29,0.26,0.29,0.25,0.27,0.25,0.3,0.27,0.28,0.26,0.26,0.25,0.24,0.25,0.25,0.0,0.23,0.22,0.0,0.24,0.23,0.0,0.0,0.23,0.0,0.24,0.22,0.0,0.26,0.24,0.0,0.24,0.24,0.0,0.22,0.24,0.22,0.26,0.21,0.24,0.23,0.0,0.24,0.0,0.0,0.0,0.22,0.27,0.21,0.22,0.0,0.23,0.21,0.0,0.22,0.0,0.23,0.23,0.23,0.0,0.24,0.28,0.0,0.0,0.0,0.24,0.35,0.26,0.0,0.0,0.22,0.36,0.31,0.22,0.21,0.0,0.0,0.0,0.0,0.0,0.0,0.0,0.0,0.0,0.0,0.0,0.0,0.0,0.0,0.0,0.0,0.0,0.0,0.0,0.0,0.0,0.0,0.0,0.0,0.0,0.0,0.0,0.0,0.0,0.0,0.0,0.0,0.0,0.0,0.0,0.0,0.0,0.0,0.0,0.0,0.0,0.0,0.0,0.0,0.0,0.0,0.0,0.0,0.0,0.0,0.0,0.0,0.0,0.0,0.0,0.0,0.0,0.0,0.0,0.0,0.0,0.0,0.0,0.0,0.0,0.0,0.0,0.0,0.0,0.0,0.0,0.0,0.0,74.84
09/10/2021,0.84,0.88,0.74,0.78,0.93,0.79,0.74,0.7,0.77,0.65,0.76,0.8,0.75,0.59,0.63,0.63,0.6,0.69,0.55,0.76,0.57,0.54,0.54,0.0,0.53,0.51,0.6,0.6,0.57,0.63,0.55,0.59,0.65,0.52,0.51,0.47,0.52,0.46,0.52,0.49,0.39,0.6,0.47,0.46,0.57,0.46,0.51,0.46,0.44,0.4,0.44,0.41,0.46,0.38,0.48,0.52,0.3,0.38,0.4,0.24,0.42,0.37,0.5,0.36,0.39,0.41,0.37,0.38,0.4,0.34,0.0,0.4,0.31,0.33,0.35,0.26,0.42,0.33,0.37,0.26,0.36,0.27,0.37,0.5,0.31,0.34,0.29,0.36,0.29,0.27,0.33,0.34,0.31,0.32,0.38,0.31,0.29,0.0,0.22,0.33,0.36,0.31,0.3,0.29,0.33,0.32,0.33,0.31,0.42,0.33,0.3,0.32,0.26,0.25,0.33,0.29,0.29,0.33,0.28,0.3,0.28,0.31,0.27,0.28,0.3,0.28,0.27,0.26,0.32,0.3,0.28,0.26,0.0,0.24,0.3,0.26,0.26,0.3,0.3,0.0,0.25,0.27,0.26,0.27,0.24,0.26,0.3,0.25,0.27,0.26,0.29,0.25,0.29,0.24,0.27,0.25,0.3,0.27,0.27,0.26,0.25,0.25,0.24,0.26,0.25,0.0,0.23,0.22,0.0,0.24,0.23,0.0,0.0,0.23,0.0,0.24,0.22,0.0,0.26,0.24,0.0,0.24,0.24,0.0,0.22,0.23,0.22,0.26,0.0,0.24,0.23,0.0,0.24,0.21,0.0,0.0,0.22,0.28,0.0,0.22,0.0,0.23,0.0,0.0,0.22,0.0,0.23,0.23,0.23,0.0,0.24,0.28,0.0,0.0,0.0,0.24,0.36,0.25,0.0,0.0,0.22,0.36,0.31,0.22,0.21,0.61,0.22,0.21,0.0,0.0,0.0,0.0,0.0,0.0,0.0,0.0,0.0,0.0,0.0,0.0,0.0,0.0,0.0,0.0,0.0,0.0,0.0,0.0,0.0,0.0,0.0,0.0,0.0,0.0,0.0,0.0,0.0,0.0,0.0,0.0,0.0,0.0,0.0,0.0,0.0,0.0,0.0,0.0,0.0,0.0,0.0,0.0,0.0,0.0,0.0,0.0,0.0,0.0,0.0,0.0,0.0,0.0,0.0,0.0,0.0,0.0,0.0,0.0,0.0,0.0,0.0,0.0,0.0,0.0,0.0,0.0,0.0,0.0,74.80000000000001
09/13/2021,0.86,0.89,0.75,0.76,0.95,0.8,0.73,0.7,0.78,0.65,0.74,0.81,0.67,0.59,0.62,0.65,0.6,0.7,0.56,0.73,0.58,0.55,0.54,0.0,0.52,0.5,0.62,0.59,0.58,0.65,0.55,0.58,0.64,0.51,0.52,0.47,0.5,0.47,0.53,0.5,0.39,0.6,0.45,0.47,0.56,0.46,0.5,0.46,0.44,0.41,0.44,0.42,0.47,0.37,0.48,0.51,0.3,0.38,0.39,0.24,0.42,0.37,0.5,0.36,0.39,0.4,0.36,0.39,0.4,0.34,0.0,0.4,0.32,0.33,0.36,0.26,0.43,0.33,0.38,0.26,0.36,0.27,0.37,0.5,0.31,0.33,0.29,0.36,0.28,0.26,0.32,0.34,0.31,0.32,0.37,0.31,0.3,0.0,0.22,0.33,0.34,0.32,0.3,0.29,0.32,0.33,0.33,0.31,0.41,0.33,0.29,0.31,0.27,0.25,0.32,0.29,0.28,0.33,0.29,0.31,0.28,0.3,0.28,0.29,0.29,0.28,0.26,0.26,0.32,0.3,0.27,0.26,0.0,0.24,0.3,0.26,0.26,0.29,0.31,0.0,0.26,0.27,0.27,0.27,0.25,0.26,0.29,0.26,0.28,0.26,0.29,0.25,0.29,0.25,0.27,0.25,0.31,0.27,0.28,0.26,0.26,0.24,0.25,0.26,0.25,0.0,0.23,0.23,0.0,0.24,0.22,0.0,0.0,0.23,0.0,0.24,0.22,0.0,0.26,0.24,0.0,0.24,0.24,0.0,0.22,0.23,0.22,0.26,0.21,0.23,0.24,0.0,0.24,0.22,0.0,0.0,0.22,0.28,0.22,0.23,0.0,0.23,0.21,0.0,0.0,0.0,0.23,0.23,0.24,0.0,0.24,0.28,0.0,0.0,0.0,0.23,0.36,0.25,0.0,0.0,0.22,0.35,0.31,0.0,0.0,0.59,0.22,0.22,0.0,0.0,0.0,0.0,0.0,0.0,0.0,0.0,0.0,0.0,0.0,0.0,0.0,0.0,0.0,0.0,0.0,0.0,0.0,0.0,0.0,0.0,0.0,0.0,0.0,0.0,0.0,0.0,0.0,0.0,0.0,0.0,0.0,0.0,0.0,0.0,0.0,0.0,0.0,0.0,0.0,0.0,0.0,0.0,0.0,0.0,0.0,0.0,0.0,0.0,0.0,0.0,0.0,0.0,0.0,0.0,0.0,0.0,0.0,0.0,0.0,0.0,0.0,0.0,0.0,0.0,0.0,0.0,0.0,0.0,74.77000000000001
09/14/2021,0.86,0.88,0.75,0.78,0.92,0.82,0.72,0.68,0.76,0.66,0.76,0.79,0.68,0.59,0.62,0.63,0.58,0.7,0.56,0.75,0.59,0.54,0.53,0.0,0.53,0.52,0.6,0.58,0.58,0.65,0.57,0.6,0.64,0.49,0.54,0.46,0.51,0.47,0.54,0.5,0.39,0.61,0.45,0.48,0.55,0.44,0.48,0.47,0.45,0.41,0.44,0.41,0.48,0.38,0.5,0.52,0.3,0.38,0.4,0.24,0.42,0.36,0.5,0.36,0.39,0.42,0.36,0.38,0.4,0.34,0.0,0.39,0.33,0.34,0.35,0.27,0.45,0.33,0.37,0.25,0.36,0.27,0.37,0.51,0.32,0.33,0.29,0.36,0.28,0.27,0.32,0.34,0.33,0.34,0.38,0.32,0.31,0.0,0.22,0.34,0.33,0.32,0.3,0.3,0.31,0.33,0.34,0.3,0.41,0.33,0.29,0.31,0.26,0.25,0.32,0.29,0.28,0.36,0.29,0.31,0.27,0.29,0.28,0.29,0.29,0.27,0.26,0.27,0.32,0.29,0.28,0.26,0.0,0.24,0.3,0.26,0.26,0.3,0.31,0.0,0.26,0.27,0.27,0.27,0.24,0.25,0.28,0.26,0.28,0.26,0.29,0.25,0.29,0.24,0.26,0.25,0.3,0.27,0.28,0.25,0.25,0.24,0.24,0.26,0.25,0.0,0.22,0.24,0.0,0.23,0.23,0.0,0.0,0.23,0.0,0.24,0.22,0.0,0.25,0.24,0.0,0.24,0.25,0.0,0.22,0.23,0.23,0.26,0.0,0.23,0.23,0.0,0.24,0.22,0.0,0.0,0.21,0.28,0.22,0.23,0.0,0.22,0.21,0.0,0.0,0.0,0.23,0.22,0.23,0.0,0.24,0.28,0.0,0.0,0.0,0.23,0.37,0.24,0.0,0.0,0.22,0.36,0.31,0.22,0.0,0.6,0.22,0.22,0.0,0.0,0.0,0.0,0.0,0.0,0.0,0.0,0.0,0.0,0.0,0.0,0.0,0.0,0.0,0.0,0.0,0.0,0.0,0.0,0.0,0.0,0.0,0.0,0.0,0.0,0.0,0.0,0.0,0.0,0.0,0.0,0.0,0.0,0.0,0.0,0.0,0.0,0.0,0.0,0.0,0.0,0.0,0.0,0.0,0.0,0.0,0.0,0.0,0.0,0.0,0.0,0.0,0.0,0.0,0.0,0.0,0.0,0.0,0.0,0.0,0.0,0.0,0.0,0.0,0.0,0.0,0.0,0.0,0.0,74.82000000000001
09/15/2021,0.86,0.88,0.75,0.78,0.92,0.82,0.72,0.68,0.76,0.66,0.76,0.79,0.68,0.59,0.62,0.63,0.58,0.7,0.56,0.75,0.59,0.54,0.53,0.0,0.53,0.52,0.6,0.58,0.58,0.65,0.57,0.6,0.64,0.49,0.54,0.46,0.51,0.47,0.54,0.5,0.39,0.61,0.45,0.48,0.55,0.44,0.48,0.47,0.45,0.41,0.44,0.41,0.48,0.38,0.5,0.52,0.3,0.38,0.4,0.24,0.42,0.36,0.5,0.36,0.39,0.42,0.36,0.38,0.4,0.34,0.0,0.39,0.33,0.34,0.35,0.27,0.45,0.33,0.37,0.25,0.36,0.27,0.37,0.51,0.32,0.33,0.29,0.36,0.28,0.27,0.32,0.34,0.33,0.34,0.38,0.32,0.31,0.0,0.22,0.34,0.33,0.32,0.3,0.3,0.31,0.33,0.34,0.3,0.41,0.33,0.29,0.31,0.26,0.25,0.32,0.29,0.28,0.36,0.29,0.31,0.27,0.29,0.28,0.29,0.29,0.27,0.26,0.27,0.32,0.29,0.28,0.26,0.0,0.24,0.3,0.26,0.26,0.3,0.31,0.0,0.26,0.27,0.27,0.27,0.24,0.25,0.28,0.26,0.28,0.26,0.29,0.25,0.29,0.24,0.26,0.25,0.3,0.27,0.28,0.25,0.25,0.24,0.24,0.26,0.25,0.0,0.22,0.24,0.0,0.23,0.23,0.0,0.0,0.23,0.0,0.24,0.22,0.0,0.25,0.24,0.0,0.24,0.25,0.0,0.22,0.23,0.23,0.26,0.0,0.23,0.23,0.0,0.24,0.22,0.0,0.0,0.21,0.28,0.22,0.23,0.0,0.22,0.21,0.0,0.0,0.0,0.23,0.22,0.23,0.0,0.24,0.28,0.0,0.0,0.0,0.23,0.37,0.24,0.0,0.0,0.22,0.36,0.31,0.22,0.0,0.6,0.22,0.22,0.0,0.0,0.0,0.0,0.0,0.0,0.0,0.0,0.0,0.0,0.0,0.0,0.0,0.0,0.0,0.0,0.0,0.0,0.0,0.0,0.0,0.0,0.0,0.0,0.0,0.0,0.0,0.0,0.0,0.0,0.0,0.0,0.0,0.0,0.0,0.0,0.0,0.0,0.0,0.0,0.0,0.0,0.0,0.0,0.0,0.0,0.0,0.0,0.0,0.0,0.0,0.0,0.0,0.0,0.0,0.0,0.0,0.0,0.0,0.0,0.0,0.0,0.0,0.0,0.0,0.0,0.0,0.0,0.0,0.0,74.82000000000001
09/16/2021,0.86,0.88,0.75,0.78,0.92,0.82,0.72,0.68,0.76,0.66,0.76,0.79,0.68,0.59,0.62,0.63,0.58,0.7,0.56,0.75,0.59,0.54,0.53,0.0,0.53,0.52,0.6,0.58,0.58,0.65,0.57,0.6,0.64,0.49,0.54,0.46,0.51,0.47,0.54,0.5,0.39,0.61,0.45,0.48,0.55,0.44,0.48,0.47,0.45,0.41,0.44,0.41,0.48,0.38,0.5,0.52,0.3,0.38,0.4,0.24,0.42,0.36,0.5,0.36,0.39,0.42,0.36,0.38,0.4,0.34,0.0,0.39,0.33,0.34,0.35,0.27,0.45,0.33,0.37,0.25,0.36,0.27,0.37,0.51,0.32,0.33,0.29,0.36,0.28,0.27,0.32,0.34,0.33,0.34,0.38,0.32,0.31,0.0,0.22,0.34,0.33,0.32,0.3,0.3,0.31,0.33,0.34,0.3,0.41,0.33,0.29,0.31,0.26,0.25,0.32,0.29,0.28,0.36,0.29,0.31,0.27,0.29,0.28,0.29,0.29,0.27,0.26,0.27,0.32,0.29,0.28,0.26,0.0,0.24,0.3,0.26,0.26,0.3,0.31,0.0,0.26,0.27,0.27,0.27,0.24,0.25,0.28,0.26,0.28,0.26,0.29,0.25,0.29,0.24,0.26,0.25,0.3,0.27,0.28,0.25,0.25,0.24,0.24,0.26,0.25,0.0,0.22,0.24,0.0,0.23,0.23,0.0,0.0,0.23,0.0,0.24,0.22,0.0,0.25,0.24,0.0,0.24,0.25,0.0,0.22,0.23,0.23,0.26,0.0,0.23,0.23,0.0,0.24,0.22,0.0,0.0,0.21,0.28,0.22,0.23,0.0,0.22,0.21,0.0,0.0,0.0,0.23,0.22,0.23,0.0,0.24,0.28,0.0,0.0,0.0,0.23,0.37,0.24,0.0,0.0,0.22,0.36,0.31,0.22,0.0,0.6,0.22,0.22,0.0,0.0,0.0,0.0,0.0,0.0,0.0,0.0,0.0,0.0,0.0,0.0,0.0,0.0,0.0,0.0,0.0,0.0,0.0,0.0,0.0,0.0,0.0,0.0,0.0,0.0,0.0,0.0,0.0,0.0,0.0,0.0,0.0,0.0,0.0,0.0,0.0,0.0,0.0,0.0,0.0,0.0,0.0,0.0,0.0,0.0,0.0,0.0,0.0,0.0,0.0,0.0,0.0,0.0,0.0,0.0,0.0,0.0,0.0,0.0,0.0,0.0,0.0,0.0,0.0,0.0,0.0,0.0,0.0,0.0,74.82000000000001
09/17/2021,0.87,0.88,0.74,0.82,0.92,0.82,0.74,0.67,0.75,0.68,0.76,0.79,0.69,0.56,0.65,0.64,0.53,0.68,0.54,0.72,0.59,0.53,0.54,0.0,0.52,0.53,0.59,0.58,0.59,0.65,0.58,0.6,0.65,0.5,0.53,0.46,0.51,0.47,0.55,0.5,0.4,0.63,0.45,0.48,0.57,0.46,0.48,0.47,0.45,0.4,0.44,0.4,0.48,0.39,0.49,0.52,0.3,0.39,0.39,0.23,0.41,0.36,0.5,0.37,0.38,0.45,0.36,0.39,0.39,0.34,0.0,0.4,0.33,0.36,0.34,0.26,0.47,0.32,0.37,0.26,0.35,0.28,0.38,0.51,0.31,0.32,0.31,0.34,0.27,0.27,0.32,0.34,0.32,0.34,0.37,0.31,0.3,0.0,0.0,0.34,0.31,0.33,0.3,0.3,0.33,0.34,0.34,0.3,0.4,0.32,0.29,0.31,0.26,0.25,0.31,0.28,0.29,0.35,0.29,0.3,0.28,0.29,0.28,0.29,0.29,0.27,0.26,0.26,0.32,0.28,0.28,0.26,0.0,0.25,0.3,0.25,0.26,0.3,0.31,0.0,0.26,0.27,0.27,0.27,0.23,0.26,0.3,0.25,0.28,0.26,0.29,0.26,0.28,0.24,0.26,0.25,0.31,0.27,0.28,0.25,0.26,0.25,0.24,0.26,0.25,0.0,0.22,0.24,0.0,0.23,0.23,0.0,0.0,0.23,0.0,0.24,0.22,0.0,0.25,0.24,0.0,0.24,0.24,0.22,0.21,0.23,0.22,0.26,0.0,0.23,0.23,0.0,0.23,0.22,0.0,0.0,0.22,0.28,0.0,0.23,0.0,0.23,0.0,0.0,0.0,0.0,0.24,0.23,0.23,0.0,0.25,0.28,0.0,0.0,0.0,0.22,0.38,0.24,0.0,0.0,0.23,0.36,0.31,0.23,0.0,0.6,0.22,0.22,0.22,0.21,0.0,0.0,0.0,0.0,0.0,0.0,0.0,0.0,0.0,0.0,0.0,0.0,0.0,0.0,0.0,0.0,0.0,0.0,0.0,0.0,0.0,0.0,0.0,0.0,0.0,0.0,0.0,0.0,0.0,0.0,0.0,0.0,0.0,0.0,0.0,0.0,0.0,0.0,0.0,0.0,0.0,0.0,0.0,0.0,0.0,0.0,0.0,0.0,0.0,0.0,0.0,0.0,0.0,0.0,0.0,0.0,0.0,0.0,0.0,0.0,0.0,0.0,0.0,0.0,0.0,0.0,0.0,0.0,74.87
09/20/2021,0.89,0.88,0.76,0.85,0.92,0.82,0.73,0.68,0.74,0.68,0.75,0.79,0.69,0.56,0.64,0.63,0.51,0.7,0.53,0.7,0.59,0.52,0.53,0.0,0.53,0.52,0.57,0.58,0.59,0.63,0.57,0.59,0.65,0.49,0.53,0.46,0.51,0.46,0.55,0.5,0.39,0.63,0.45,0.48,0.57,0.45,0.47,0.47,0.45,0.4,0.43,0.4,0.49,0.4,0.49,0.52,0.3,0.39,0.39,0.23,0.42,0.35,0.5,0.4,0.38,0.44,0.36,0.38,0.39,0.34,0.0,0.4,0.33,0.36,0.34,0.26,0.48,0.32,0.37,0.26,0.35,0.28,0.37,0.51,0.31,0.31,0.3,0.34,0.27,0.25,0.32,0.34,0.31,0.33,0.37,0.31,0.3,0.0,0.0,0.34,0.32,0.32,0.31,0.3,0.33,0.35,0.34,0.31,0.41,0.33,0.29,0.31,0.25,0.24,0.31,0.28,0.29,0.35,0.29,0.31,0.28,0.29,0.29,0.29,0.29,0.27,0.26,0.27,0.32,0.27,0.29,0.27,0.0,0.25,0.3,0.25,0.26,0.3,0.31,0.0,0.25,0.27,0.27,0.27,0.23,0.26,0.29,0.26,0.27,0.26,0.29,0.25,0.28,0.24,0.26,0.25,0.31,0.27,0.28,0.25,0.25,0.25,0.23,0.26,0.24,0.21,0.22,0.26,0.22,0.23,0.23,0.0,0.0,0.23,0.0,0.24,0.23,0.0,0.25,0.24,0.0,0.24,0.25,0.22,0.0,0.23,0.22,0.26,0.0,0.23,0.22,0.0,0.24,0.0,0.0,0.0,0.23,0.28,0.22,0.23,0.0,0.22,0.0,0.0,0.0,0.0,0.25,0.23,0.23,0.0,0.25,0.28,0.0,0.0,0.0,0.22,0.38,0.24,0.22,0.0,0.24,0.36,0.31,0.0,0.0,0.6,0.22,0.22,0.22,0.0,0.0,0.0,0.0,0.0,0.0,0.0,0.0,0.0,0.0,0.0,0.0,0.0,0.0,0.0,0.0,0.0,0.0,0.0,0.0,0.0,0.0,0.0,0.0,0.0,0.0,0.0,0.0,0.0,0.0,0.0,0.0,0.0,0.0,0.0,0.0,0.0,0.0,0.0,0.0,0.0,0.0,0.0,0.0,0.0,0.0,0.0,0.0,0.0,0.0,0.0,0.0,0.0,0.0,0.0,0.0,0.0,0.0,0.0,0.0,0.0,0.0,0.0,0.0,0.0,0.0,0.0,0.0,0.0,74.77
09/21/2021,0.85,0.87,0.75,0.83,0.93,0.82,0.74,0.67,0.75,0.69,0.76,0.8,0.69,0.55,0.65,0.64,0.53,0.69,0.54,0.71,0.59,0.52,0.54,0.0,0.52,0.52,0.57,0.61,0.58,0.62,0.58,0.58,0.64,0.49,0.54,0.47,0.51,0.46,0.53,0.52,0.39,0.63,0.46,0.48,0.58,0.45,0.47,0.47,0.45,0.4,0.44,0.41,0.5,0.37,0.5,0.52,0.29,0.37,0.39,0.22,0.42,0.35,0.51,0.42,0.38,0.44,0.37,0.38,0.4,0.33,0.0,0.4,0.33,0.37,0.35,0.26,0.48,0.32,0.37,0.27,0.34,0.28,0.37,0.53,0.31,0.32,0.3,0.35,0.27,0.27,0.33,0.34,0.31,0.32,0.36,0.3,0.32,0.0,0.0,0.34,0.32,0.32,0.31,0.31,0.34,0.38,0.34,0.3,0.41,0.33,0.28,0.32,0.25,0.24,0.33,0.28,0.28,0.37,0.29,0.31,0.28,0.3,0.29,0.29,0.3,0.27,0.26,0.26,0.31,0.28,0.3,0.26,0.0,0.25,0.3,0.25,0.26,0.3,0.3,0.0,0.25,0.27,0.27,0.27,0.23,0.27,0.31,0.25,0.27,0.25,0.28,0.25,0.28,0.24,0.26,0.24,0.31,0.27,0.27,0.24,0.25,0.24,0.23,0.26,0.24,0.0,0.22,0.25,0.0,0.23,0.23,0.0,0.0,0.23,0.0,0.23,0.22,0.0,0.28,0.24,0.0,0.24,0.24,0.22,0.0,0.23,0.22,0.26,0.0,0.23,0.22,0.0,0.25,0.0,0.22,0.0,0.22,0.28,0.21,0.22,0.0,0.22,0.0,0.0,0.0,0.0,0.24,0.22,0.23,0.0,0.25,0.29,0.0,0.0,0.0,0.23,0.36,0.24,0.22,0.0,0.23,0.36,0.31,0.0,0.0,0.65,0.23,0.22,0.22,0.22,0.0,0.0,0.0,0.0,0.0,0.0,0.0,0.0,0.0,0.0,0.0,0.0,0.0,0.0,0.0,0.0,0.0,0.0,0.0,0.0,0.0,0.0,0.0,0.0,0.0,0.0,0.0,0.0,0.0,0.0,0.0,0.0,0.0,0.0,0.0,0.0,0.0,0.0,0.0,0.0,0.0,0.0,0.0,0.0,0.0,0.0,0.0,0.0,0.0,0.0,0.0,0.0,0.0,0.0,0.0,0.0,0.0,0.0,0.0,0.0,0.0,0.0,0.0,0.0,0.0,0.0,0.0,0.0,74.95
09/22/2021,0.85,0.87,0.75,0.83,0.93,0.82,0.74,0.67,0.75,0.69,0.76,0.8,0.69,0.55,0.65,0.64,0.53,0.69,0.54,0.71,0.59,0.52,0.54,0.0,0.52,0.52,0.57,0.61,0.58,0.62,0.58,0.58,0.64,0.49,0.54,0.47,0.51,0.46,0.53,0.52,0.39,0.63,0.46,0.48,0.58,0.45,0.47,0.47,0.45,0.4,0.44,0.41,0.5,0.37,0.5,0.52,0.29,0.37,0.39,0.22,0.42,0.35,0.51,0.42,0.38,0.44,0.37,0.38,0.4,0.33,0.0,0.4,0.33,0.37,0.35,0.26,0.48,0.32,0.37,0.27,0.34,0.28,0.37,0.53,0.31,0.32,0.3,0.35,0.27,0.27,0.33,0.34,0.31,0.32,0.36,0.3,0.32,0.0,0.0,0.34,0.32,0.32,0.31,0.31,0.34,0.38,0.34,0.3,0.41,0.33,0.28,0.32,0.25,0.24,0.33,0.28,0.28,0.37,0.29,0.31,0.28,0.3,0.29,0.29,0.3,0.27,0.26,0.26,0.31,0.28,0.3,0.26,0.0,0.25,0.3,0.25,0.26,0.3,0.3,0.0,0.25,0.27,0.27,0.27,0.23,0.27,0.31,0.25,0.27,0.25,0.28,0.25,0.28,0.24,0.26,0.24,0.31,0.27,0.27,0.24,0.25,0.24,0.23,0.26,0.24,0.0,0.22,0.25,0.0,0.23,0.23,0.0,0.0,0.23,0.0,0.23,0.22,0.0,0.28,0.24,0.0,0.24,0.24,0.22,0.0,0.23,0.22,0.26,0.0,0.23,0.22,0.0,0.25,0.0,0.22,0.0,0.22,0.28,0.21,0.22,0.0,0.22,0.0,0.0,0.0,0.0,0.24,0.22,0.23,0.0,0.25,0.29,0.0,0.0,0.0,0.23,0.36,0.24,0.22,0.0,0.23,0.36,0.31,0.0,0.0,0.65,0.23,0.22,0.22,0.22,0.0,0.0,0.0,0.0,0.0,0.0,0.0,0.0,0.0,0.0,0.0,0.0,0.0,0.0,0.0,0.0,0.0,0.0,0.0,0.0,0.0,0.0,0.0,0.0,0.0,0.0,0.0,0.0,0.0,0.0,0.0,0.0,0.0,0.0,0.0,0.0,0.0,0.0,0.0,0.0,0.0,0.0,0.0,0.0,0.0,0.0,0.0,0.0,0.0,0.0,0.0,0.0,0.0,0.0,0.0,0.0,0.0,0.0,0.0,0.0,0.0,0.0,0.0,0.0,0.0,0.0,0.0,0.0,74.95
09/23/2021,0.85,0.87,0.75,0.83,0.93,0.82,0.74,0.67,0.75,0.69,0.76,0.8,0.69,0.55,0.65,0.64,0.53,0.69,0.54,0.71,0.59,0.52,0.54,0.0,0.52,0.52,0.57,0.61,0.58,0.62,0.58,0.58,0.64,0.49,0.54,0.47,0.51,0.46,0.53,0.52,0.39,0.63,0.46,0.48,0.58,0.45,0.47,0.47,0.45,0.4,0.44,0.41,0.5,0.37,0.5,0.52,0.29,0.37,0.39,0.22,0.42,0.35,0.51,0.42,0.38,0.44,0.37,0.38,0.4,0.33,0.0,0.4,0.33,0.37,0.35,0.26,0.48,0.32,0.37,0.27,0.34,0.28,0.37,0.53,0.31,0.32,0.3,0.35,0.27,0.27,0.33,0.34,0.31,0.32,0.36,0.3,0.32,0.0,0.0,0.34,0.32,0.32,0.31,0.31,0.34,0.38,0.34,0.3,0.41,0.33,0.28,0.32,0.25,0.24,0.33,0.28,0.28,0.37,0.29,0.31,0.28,0.3,0.29,0.29,0.3,0.27,0.26,0.26,0.31,0.28,0.3,0.26,0.0,0.25,0.3,0.25,0.26,0.3,0.3,0.0,0.25,0.27,0.27,0.27,0.23,0.27,0.31,0.25,0.27,0.25,0.28,0.25,0.28,0.24,0.26,0.24,0.31,0.27,0.27,0.24,0.25,0.24,0.23,0.26,0.24,0.0,0.22,0.25,0.0,0.23,0.23,0.0,0.0,0.23,0.0,0.23,0.22,0.0,0.28,0.24,0.0,0.24,0.24,0.22,0.0,0.23,0.22,0.26,0.0,0.23,0.22,0.0,0.25,0.0,0.22,0.0,0.22,0.28,0.21,0.22,0.0,0.22,0.0,0.0,0.0,0.0,0.24,0.22,0.23,0.0,0.25,0.29,0.0,0.0,0.0,0.23,0.36,0.24,0.22,0.0,0.23,0.36,0.31,0.0,0.0,0.65,0.23,0.22,0.22,0.22,0.0,0.0,0.0,0.0,0.0,0.0,0.0,0.0,0.0,0.0,0.0,0.0,0.0,0.0,0.0,0.0,0.0,0.0,0.0,0.0,0.0,0.0,0.0,0.0,0.0,0.0,0.0,0.0,0.0,0.0,0.0,0.0,0.0,0.0,0.0,0.0,0.0,0.0,0.0,0.0,0.0,0.0,0.0,0.0,0.0,0.0,0.0,0.0,0.0,0.0,0.0,0.0,0.0,0.0,0.0,0.0,0.0,0.0,0.0,0.0,0.0,0.0,0.0,0.0,0.0,0.0,0.0,0.0,74.95
09/24/2021,0.79,0.79,0.78,0.81,0.82,0.79,0.82,0.76,0.76,0.75,0.71,0.82,0.7,0.7,0.84,0.71,0.64,0.59,0.57,0.56,0.81,0.57,0.54,0.0,0.0,0.81,0.6,0.66,0.61,0.51,0.91,0.5,0.47,0.51,0.54,0.59,0.47,0.39,0.48,0.6,0.52,0.5,0.52,0.53,0.5,0.41,0.36,0.38,0.39,0.44,0.45,0.45,0.55,0.28,0.39,0.4,0.28,0.28,0.38,0.44,0.39,0.37,0.3,0.53,0.39,0.31,0.41,0.39,0.52,0.39,0.0,0.4,0.4,0.44,0.39,0.3,0.32,0.3,0.26,0.32,0.29,0.31,0.53,0.57,0.29,0.28,0.28,0.52,0.29,0.25,0.31,0.26,0.28,0.29,0.3,0.28,0.29,0.0,0.25,0.29,0.26,0.26,0.3,0.31,0.3,0.35,0.28,0.29,0.31,0.27,0.29,0.3,0.25,0.27,0.3,0.26,0.29,0.29,0.27,0.24,0.3,0.3,0.47,0.45,0.3,0.24,0.23,0.25,0.28,0.27,0.28,0.24,0.0,0.3,0.0,0.26,0.26,0.26,0.27,0.39,0.28,0.24,0.26,0.25,0.24,0.23,0.32,0.23,0.25,0.25,0.24,0.24,0.23,0.26,0.27,0.23,0.4,0.24,0.24,0.25,0.24,0.23,0.23,0.24,0.24,0.22,0.28,0.24,0.23,0.23,0.22,0.0,0.0,0.23,0.0,0.22,0.0,0.23,0.33,0.0,0.22,0.22,0.3,0.23,0.0,0.0,0.0,0.0,0.24,0.0,0.22,0.0,0.23,0.29,0.23,0.22,0.0,0.23,0.22,0.0,0.0,0.22,0.0,0.0,0.3,0.22,0.24,0.0,0.29,0.0,0.0,0.0,0.0,0.0,0.0,0.0,0.0,0.3,0.31,0.0,0.0,0.0,0.0,0.0,0.31,0.0,0.0,0.0,0.0,0.0,0.53,0.41,0.37,0.31,0.3,0.3,0.29,0.27,0.26,0.23,0.22,0.0,0.0,0.0,0.0,0.0,0.0,0.0,0.0,0.0,0.0,0.0,0.0,0.0,0.0,0.0,0.0,0.0,0.0,0.0,0.0,0.0,0.0,0.0,0.0,0.0,0.0,0.0,0.0,0.0,0.0,0.0,0.0,0.0,0.0,0.0,0.0,0.0,0.0,0.0,0.0,0.0,0.0,0.0,0.0,0.0,0.0,0.0,0.0,0.0,0.0,0.0,0.0,0.0,0.0,0.0,0.0,0.0,75.35
09/27/2021,0.81,0.78,0.79,0.84,0.82,0.78,0.82,0.78,0.75,0.77,0.7,0.82,0.72,0.68,0.84,0.71,0.62,0.58,0.57,0.55,0.8,0.57,0.53,0.0,0.0,0.81,0.59,0.67,0.62,0.51,0.91,0.51,0.48,0.5,0.52,0.58,0.48,0.38,0.47,0.6,0.51,0.51,0.52,0.53,0.52,0.41,0.36,0.39,0.4,0.43,0.44,0.45,0.54,0.28,0.4,0.39,0.27,0.28,0.38,0.44,0.39,0.36,0.3,0.52,0.39,0.31,0.41,0.39,0.52,0.38,0.0,0.4,0.4,0.43,0.4,0.3,0.32,0.29,0.26,0.32,0.29,0.31,0.54,0.56,0.29,0.29,0.28,0.53,0.29,0.26,0.31,0.26,0.28,0.29,0.3,0.28,0.3,0.0,0.24,0.3,0.26,0.26,0.32,0.31,0.29,0.36,0.27,0.29,0.31,0.27,0.28,0.29,0.25,0.27,0.29,0.26,0.29,0.29,0.27,0.24,0.29,0.3,0.46,0.45,0.29,0.24,0.23,0.25,0.28,0.27,0.28,0.24,0.0,0.31,0.0,0.26,0.26,0.26,0.27,0.39,0.28,0.23,0.26,0.25,0.24,0.24,0.34,0.23,0.25,0.25,0.24,0.23,0.23,0.25,0.27,0.23,0.41,0.24,0.24,0.24,0.24,0.23,0.23,0.24,0.24,0.22,0.27,0.24,0.24,0.23,0.22,0.0,0.0,0.23,0.0,0.22,0.0,0.23,0.33,0.0,0.22,0.22,0.3,0.23,0.0,0.0,0.0,0.0,0.24,0.0,0.22,0.0,0.23,0.29,0.23,0.21,0.0,0.23,0.22,0.0,0.0,0.0,0.0,0.0,0.3,0.22,0.23,0.0,0.29,0.0,0.0,0.0,0.0,0.0,0.0,0.0,0.0,0.29,0.31,0.0,0.0,0.0,0.0,0.0,0.31,0.0,0.0,0.0,0.0,0.0,0.52,0.4,0.36,0.32,0.3,0.29,0.28,0.27,0.26,0.23,0.22,0.21,0.0,0.0,0.0,0.0,0.0,0.0,0.0,0.0,0.0,0.0,0.0,0.0,0.0,0.0,0.0,0.0,0.0,0.0,0.0,0.0,0.0,0.0,0.0,0.0,0.0,0.0,0.0,0.0,0.0,0.0,0.0,0.0,0.0,0.0,0.0,0.0,0.0,0.0,0.0,0.0,0.0,0.0,0.0,0.0,0.0,0.0,0.0,0.0,0.0,0.0,0.0,0.0,0.0,0.0,0.0,0.0,75.21000000000001
09/28/2021,0.83,0.79,0.78,0.87,0.78,0.77,0.88,0.79,0.76,0.83,0.69,0.77,0.69,0.67,0.89,0.72,0.61,0.56,0.55,0.54,0.8,0.55,0.51,0.0,0.0,0.81,0.58,0.67,0.6,0.48,0.93,0.51,0.48,0.48,0.52,0.57,0.48,0.38,0.47,0.61,0.53,0.51,0.52,0.53,0.51,0.41,0.38,0.39,0.41,0.43,0.44,0.44,0.54,0.29,0.38,0.39,0.26,0.3,0.39,0.43,0.41,0.36,0.29,0.5,0.4,0.28,0.43,0.4,0.53,0.38,0.0,0.41,0.41,0.43,0.4,0.31,0.32,0.29,0.26,0.33,0.29,0.3,0.53,0.57,0.28,0.29,0.29,0.54,0.27,0.25,0.31,0.26,0.28,0.29,0.3,0.27,0.3,0.0,0.23,0.3,0.25,0.26,0.32,0.31,0.3,0.35,0.28,0.28,0.3,0.26,0.27,0.29,0.24,0.26,0.29,0.26,0.29,0.27,0.26,0.24,0.29,0.29,0.47,0.45,0.29,0.24,0.24,0.26,0.29,0.26,0.28,0.25,0.0,0.32,0.0,0.26,0.27,0.26,0.26,0.39,0.27,0.23,0.25,0.25,0.23,0.23,0.37,0.23,0.25,0.24,0.23,0.23,0.22,0.25,0.27,0.23,0.42,0.24,0.24,0.24,0.24,0.23,0.23,0.24,0.24,0.22,0.26,0.25,0.25,0.23,0.22,0.0,0.0,0.23,0.0,0.22,0.0,0.23,0.33,0.0,0.22,0.22,0.3,0.24,0.0,0.0,0.21,0.0,0.24,0.0,0.22,0.0,0.23,0.29,0.23,0.0,0.0,0.22,0.22,0.0,0.0,0.0,0.0,0.0,0.29,0.23,0.23,0.0,0.29,0.0,0.0,0.0,0.0,0.0,0.0,0.0,0.0,0.29,0.31,0.0,0.0,0.0,0.0,0.0,0.32,0.0,0.0,0.0,0.0,0.0,0.52,0.38,0.37,0.32,0.3,0.29,0.29,0.27,0.25,0.24,0.22,0.0,0.22,0.0,0.0,0.0,0.0,0.0,0.0,0.0,0.0,0.0,0.0,0.0,0.0,0.0,0.0,0.0,0.0,0.0,0.0,0.0,0.0,0.0,0.0,0.0,0.0,0.0,0.0,0.0,0.0,0.0,0.0,0.0,0.0,0.0,0.0,0.0,0.0,0.0,0.0,0.0,0.0,0.0,0.0,0.0,0.0,0.0,0.0,0.0,0.0,0.0,0.0,0.0,0.0,0.0,0.0,0.0,75.13
09/29/2021,0.83,0.79,0.78,0.87,0.78,0.77,0.88,0.79,0.76,0.83,0.69,0.77,0.69,0.67,0.89,0.72,0.61,0.56,0.55,0.54,0.8,0.55,0.51,0.0,0.0,0.81,0.58,0.67,0.6,0.48,0.93,0.51,0.48,0.48,0.52,0.57,0.48,0.38,0.47,0.61,0.53,0.51,0.52,0.53,0.51,0.41,0.38,0.39,0.41,0.43,0.44,0.44,0.54,0.29,0.38,0.39,0.26,0.3,0.39,0.43,0.41,0.36,0.29,0.5,0.4,0.28,0.43,0.4,0.53,0.38,0.0,0.41,0.41,0.43,0.4,0.31,0.32,0.29,0.26,0.33,0.29,0.3,0.53,0.57,0.28,0.29,0.29,0.54,0.27,0.25,0.31,0.26,0.28,0.29,0.3,0.27,0.3,0.0,0.23,0.3,0.25,0.26,0.32,0.31,0.3,0.35,0.28,0.28,0.3,0.26,0.27,0.29,0.24,0.26,0.29,0.26,0.29,0.27,0.26,0.24,0.29,0.29,0.47,0.45,0.29,0.24,0.24,0.26,0.29,0.26,0.28,0.25,0.0,0.32,0.0,0.26,0.27,0.26,0.26,0.39,0.27,0.23,0.25,0.25,0.23,0.23,0.37,0.23,0.25,0.24,0.23,0.23,0.22,0.25,0.27,0.23,0.42,0.24,0.24,0.24,0.24,0.23,0.23,0.24,0.24,0.22,0.26,0.25,0.25,0.23,0.22,0.0,0.0,0.23,0.0,0.22,0.0,0.23,0.33,0.0,0.22,0.22,0.3,0.24,0.0,0.0,0.21,0.0,0.24,0.0,0.22,0.0,0.23,0.29,0.23,0.0,0.0,0.22,0.22,0.0,0.0,0.0,0.0,0.0,0.29,0.23,0.23,0.0,0.29,0.0,0.0,0.0,0.0,0.0,0.0,0.0,0.0,0.29,0.31,0.0,0.0,0.0,0.0,0.0,0.32,0.0,0.0,0.0,0.0,0.0,0.52,0.38,0.37,0.32,0.3,0.29,0.29,0.27,0.25,0.24,0.22,0.0,0.22,0.0,0.0,0.0,0.0,0.0,0.0,0.0,0.0,0.0,0.0,0.0,0.0,0.0,0.0,0.0,0.0,0.0,0.0,0.0,0.0,0.0,0.0,0.0,0.0,0.0,0.0,0.0,0.0,0.0,0.0,0.0,0.0,0.0,0.0,0.0,0.0,0.0,0.0,0.0,0.0,0.0,0.0,0.0,0.0,0.0,0.0,0.0,0.0,0.0,0.0,0.0,0.0,0.0,0.0,0.0,75.13
09/30/2021,0.82,0.78,0.77,0.88,0.75,0.78,0.87,0.79,0.76,0.81,0.69,0.74,0.69,0.68,0.88,0.73,0.62,0.55,0.55,0.53,0.78,0.54,0.51,0.0,0.0,0.81,0.57,0.66,0.58,0.48,0.93,0.51,0.47,0.49,0.51,0.58,0.47,0.38,0.47,0.62,0.52,0.5,0.53,0.54,0.51,0.41,0.39,0.4,0.41,0.43,0.44,0.44,0.54,0.31,0.37,0.38,0.26,0.31,0.41,0.43,0.41,0.35,0.29,0.5,0.4,0.27,0.43,0.39,0.53,0.38,0.0,0.4,0.4,0.42,0.4,0.3,0.31,0.29,0.26,0.33,0.29,0.3,0.52,0.54,0.27,0.29,0.29,0.51,0.28,0.25,0.32,0.26,0.29,0.29,0.3,0.27,0.31,0.0,0.23,0.28,0.24,0.26,0.32,0.31,0.29,0.35,0.27,0.29,0.29,0.25,0.27,0.29,0.24,0.26,0.29,0.26,0.29,0.26,0.26,0.25,0.29,0.3,0.46,0.45,0.29,0.25,0.25,0.27,0.28,0.26,0.27,0.26,0.0,0.32,0.0,0.27,0.27,0.26,0.26,0.38,0.28,0.22,0.25,0.26,0.23,0.23,0.39,0.23,0.25,0.24,0.22,0.23,0.0,0.25,0.27,0.23,0.41,0.24,0.23,0.23,0.23,0.23,0.22,0.24,0.23,0.22,0.26,0.27,0.27,0.24,0.22,0.0,0.0,0.23,0.0,0.22,0.0,0.23,0.33,0.0,0.22,0.22,0.31,0.24,0.0,0.0,0.22,0.0,0.24,0.0,0.0,0.0,0.23,0.29,0.23,0.0,0.0,0.23,0.23,0.0,0.0,0.0,0.0,0.0,0.29,0.25,0.23,0.0,0.29,0.0,0.0,0.0,0.0,0.0,0.0,0.0,0.0,0.28,0.31,0.0,0.0,0.0,0.0,0.0,0.33,0.0,0.0,0.0,0.0,0.0,0.52,0.39,0.38,0.33,0.31,0.29,0.3,0.26,0.25,0.25,0.24,0.0,0.22,0.22,0.21,0.0,0.0,0.0,0.0,0.0,0.0,0.0,0.0,0.0,0.0,0.0,0.0,0.0,0.0,0.0,0.0,0.0,0.0,0.0,0.0,0.0,0.0,0.0,0.0,0.0,0.0,0.0,0.0,0.0,0.0,0.0,0.0,0.0,0.0,0.0,0.0,0.0,0.0,0.0,0.0,0.0,0.0,0.0,0.0,0.0,0.0,0.0,0.0,0.0,0.0,0.0,0.0,0.0,74.97999999999999
10/01/2021,0.82,0.78,0.77,0.88,0.75,0.78,0.87,0.79,0.76,0.81,0.69,0.74,0.69,0.68,0.88,0.73,0.62,0.55,0.55,0.53,0.78,0.54,0.51,0.0,0.0,0.81,0.57,0.66,0.58,0.48,0.93,0.51,0.47,0.49,0.51,0.58,0.47,0.38,0.47,0.62,0.52,0.5,0.53,0.54,0.51,0.41,0.39,0.4,0.41,0.43,0.44,0.44,0.54,0.31,0.37,0.38,0.26,0.31,0.41,0.43,0.41,0.35,0.29,0.5,0.4,0.27,0.43,0.39,0.53,0.38,0.0,0.4,0.4,0.42,0.4,0.3,0.31,0.29,0.26,0.33,0.29,0.3,0.52,0.54,0.27,0.29,0.29,0.51,0.28,0.25,0.32,0.26,0.29,0.29,0.3,0.27,0.31,0.0,0.23,0.28,0.24,0.26,0.32,0.31,0.29,0.35,0.27,0.29,0.29,0.25,0.27,0.29,0.24,0.26,0.29,0.26,0.29,0.26,0.26,0.25,0.29,0.3,0.46,0.45,0.29,0.25,0.25,0.27,0.28,0.26,0.27,0.26,0.0,0.32,0.0,0.27,0.27,0.26,0.26,0.38,0.28,0.22,0.25,0.26,0.23,0.23,0.39,0.23,0.25,0.24,0.22,0.23,0.0,0.25,0.27,0.23,0.41,0.24,0.23,0.23,0.23,0.23,0.22,0.24,0.23,0.22,0.26,0.27,0.27,0.24,0.22,0.0,0.0,0.23,0.0,0.22,0.0,0.23,0.33,0.0,0.22,0.22,0.31,0.24,0.0,0.0,0.22,0.0,0.24,0.0,0.0,0.0,0.23,0.29,0.23,0.0,0.0,0.23,0.23,0.0,0.0,0.0,0.0,0.0,0.29,0.25,0.23,0.0,0.29,0.0,0.0,0.0,0.0,0.0,0.0,0.0,0.0,0.28,0.31,0.0,0.0,0.0,0.0,0.0,0.33,0.0,0.0,0.0,0.0,0.0,0.52,0.39,0.38,0.33,0.31,0.29,0.3,0.26,0.25,0.25,0.24,0.0,0.22,0.22,0.21,0.0,0.0,0.0,0.0,0.0,0.0,0.0,0.0,0.0,0.0,0.0,0.0,0.0,0.0,0.0,0.0,0.0,0.0,0.0,0.0,0.0,0.0,0.0,0.0,0.0,0.0,0.0,0.0,0.0,0.0,0.0,0.0,0.0,0.0,0.0,0.0,0.0,0.0,0.0,0.0,0.0,0.0,0.0,0.0,0.0,0.0,0.0,0.0,0.0,0.0,0.0,0.0,0.0,74.97999999999999
10/04/2021,0.83,0.77,0.78,0.9,0.75,0.74,0.84,0.78,0.75,0.78,0.7,0.81,0.69,0.69,0.87,0.75,0.62,0.55,0.54,0.51,0.79,0.55,0.51,0.0,0.0,0.8,0.58,0.68,0.6,0.46,0.89,0.48,0.47,0.48,0.52,0.6,0.46,0.39,0.45,0.6,0.52,0.48,0.52,0.54,0.49,0.41,0.4,0.4,0.42,0.44,0.45,0.45,0.55,0.31,0.35,0.39,0.26,0.31,0.41,0.43,0.41,0.34,0.29,0.5,0.4,0.27,0.42,0.39,0.5,0.38,0.0,0.41,0.4,0.43,0.39,0.3,0.31,0.3,0.26,0.32,0.29,0.3,0.5,0.51,0.27,0.28,0.29,0.51,0.28,0.24,0.31,0.26,0.29,0.29,0.29,0.28,0.31,0.0,0.22,0.27,0.22,0.26,0.31,0.3,0.29,0.37,0.27,0.3,0.29,0.25,0.28,0.29,0.24,0.27,0.28,0.26,0.28,0.26,0.26,0.25,0.31,0.3,0.51,0.46,0.29,0.25,0.26,0.27,0.28,0.26,0.25,0.27,0.0,0.32,0.0,0.27,0.27,0.26,0.28,0.36,0.28,0.23,0.26,0.25,0.24,0.22,0.39,0.23,0.26,0.24,0.23,0.24,0.22,0.26,0.27,0.24,0.42,0.24,0.24,0.24,0.24,0.23,0.23,0.24,0.23,0.23,0.26,0.28,0.28,0.23,0.23,0.0,0.0,0.23,0.0,0.22,0.0,0.23,0.34,0.0,0.22,0.22,0.31,0.24,0.0,0.0,0.25,0.0,0.24,0.0,0.0,0.0,0.23,0.29,0.24,0.0,0.0,0.23,0.23,0.0,0.0,0.0,0.0,0.0,0.3,0.24,0.23,0.0,0.29,0.0,0.0,0.0,0.0,0.0,0.0,0.0,0.0,0.27,0.31,0.0,0.0,0.0,0.0,0.0,0.32,0.0,0.0,0.0,0.0,0.0,0.53,0.37,0.38,0.33,0.31,0.3,0.3,0.26,0.25,0.25,0.24,0.22,0.22,0.0,0.0,0.0,0.0,0.0,0.0,0.0,0.0,0.0,0.0,0.0,0.0,0.0,0.0,0.0,0.0,0.0,0.0,0.0,0.0,0.0,0.0,0.0,0.0,0.0,0.0,0.0,0.0,0.0,0.0,0.0,0.0,0.0,0.0,0.0,0.0,0.0,0.0,0.0,0.0,0.0,0.0,0.0,0.0,0.0,0.0,0.0,0.0,0.0,0.0,0.0,0.0,0.0,0.0,0.0,75.02000000000001
10/05/2021,0.82,0.78,0.78,0.92,0.75,0.76,0.87,0.82,0.76,0.84,0.68,0.8,0.7,0.68,0.91,0.74,0.62,0.56,0.54,0.5,0.79,0.54,0.52,0.0,0.0,0.8,0.57,0.69,0.6,0.46,0.89,0.49,0.47,0.51,0.56,0.59,0.46,0.38,0.45,0.61,0.51,0.49,0.53,0.53,0.5,0.41,0.4,0.41,0.42,0.43,0.45,0.45,0.57,0.32,0.36,0.39,0.25,0.31,0.41,0.42,0.41,0.35,0.27,0.48,0.41,0.26,0.43,0.39,0.51,0.39,0.0,0.42,0.4,0.44,0.39,0.29,0.29,0.28,0.26,0.3,0.29,0.29,0.49,0.5,0.27,0.27,0.29,0.53,0.26,0.25,0.28,0.26,0.29,0.28,0.29,0.27,0.28,0.0,0.0,0.27,0.23,0.26,0.31,0.28,0.28,0.34,0.27,0.29,0.28,0.25,0.28,0.29,0.23,0.25,0.27,0.25,0.28,0.25,0.26,0.25,0.31,0.29,0.5,0.46,0.28,0.25,0.26,0.27,0.28,0.27,0.26,0.27,0.0,0.33,0.0,0.27,0.26,0.26,0.28,0.35,0.28,0.23,0.25,0.25,0.23,0.23,0.4,0.23,0.25,0.24,0.22,0.24,0.22,0.25,0.27,0.24,0.43,0.23,0.24,0.23,0.23,0.23,0.23,0.24,0.24,0.22,0.26,0.0,0.29,0.24,0.22,0.0,0.0,0.24,0.0,0.22,0.0,0.22,0.34,0.0,0.0,0.22,0.32,0.24,0.0,0.0,0.25,0.0,0.24,0.0,0.0,0.0,0.23,0.29,0.23,0.0,0.0,0.23,0.23,0.0,0.0,0.0,0.0,0.0,0.29,0.24,0.23,0.0,0.29,0.0,0.0,0.0,0.0,0.0,0.0,0.0,0.0,0.26,0.29,0.0,0.0,0.0,0.0,0.0,0.33,0.0,0.22,0.0,0.0,0.0,0.58,0.37,0.4,0.34,0.31,0.3,0.3,0.26,0.25,0.25,0.24,0.0,0.26,0.22,0.22,0.27,0.0,0.0,0.0,0.0,0.0,0.0,0.0,0.0,0.0,0.0,0.0,0.0,0.0,0.0,0.0,0.0,0.0,0.0,0.0,0.0,0.0,0.0,0.0,0.0,0.0,0.0,0.0,0.0,0.0,0.0,0.0,0.0,0.0,0.0,0.0,0.0,0.0,0.0,0.0,0.0,0.0,0.0,0.0,0.0,0.0,0.0,0.0,0.0,0.0,0.0,0.0,0.0,75.03
10/06/2021,0.82,0.78,0.78,0.92,0.75,0.76,0.87,0.82,0.76,0.84,0.68,0.8,0.7,0.68,0.91,0.74,0.62,0.56,0.54,0.5,0.79,0.54,0.52,0.0,0.0,0.8,0.57,0.69,0.6,0.46,0.89,0.49,0.47,0.51,0.56,0.59,0.46,0.38,0.45,0.61,0.51,0.49,0.53,0.53,0.5,0.41,0.4,0.41,0.42,0.43,0.45,0.45,0.57,0.32,0.36,0.39,0.25,0.31,0.41,0.42,0.41,0.35,0.27,0.48,0.41,0.26,0.43,0.39,0.51,0.39,0.0,0.42,0.4,0.44,0.39,0.29,0.29,0.28,0.26,0.3,0.29,0.29,0.49,0.5,0.27,0.27,0.29,0.53,0.26,0.25,0.28,0.26,0.29,0.28,0.29,0.27,0.28,0.0,0.0,0.27,0.23,0.26,0.31,0.28,0.28,0.34,0.27,0.29,0.28,0.25,0.28,0.29,0.23,0.25,0.27,0.25,0.28,0.25,0.26,0.25,0.31,0.29,0.5,0.46,0.28,0.25,0.26,0.27,0.28,0.27,0.26,0.27,0.0,0.33,0.0,0.27,0.26,0.26,0.28,0.35,0.28,0.23,0.25,0.25,0.23,0.23,0.4,0.23,0.25,0.24,0.22,0.24,0.22,0.25,0.27,0.24,0.43,0.23,0.24,0.23,0.23,0.23,0.23,0.24,0.24,0.22,0.26,0.0,0.29,0.24,0.22,0.0,0.0,0.24,0.0,0.22,0.0,0.22,0.34,0.0,0.0,0.22,0.32,0.24,0.0,0.0,0.25,0.0,0.24,0.0,0.0,0.0,0.23,0.29,0.23,0.0,0.0,0.23,0.23,0.0,0.0,0.0,0.0,0.0,0.29,0.24,0.23,0.0,0.29,0.0,0.0,0.0,0.0,0.0,0.0,0.0,0.0,0.26,0.29,0.0,0.0,0.0,0.0,0.0,0.33,0.0,0.22,0.0,0.0,0.0,0.58,0.37,0.4,0.34,0.31,0.3,0.3,0.26,0.25,0.25,0.24,0.0,0.26,0.22,0.22,0.27,0.0,0.0,0.0,0.0,0.0,0.0,0.0,0.0,0.0,0.0,0.0,0.0,0.0,0.0,0.0,0.0,0.0,0.0,0.0,0.0,0.0,0.0,0.0,0.0,0.0,0.0,0.0,0.0,0.0,0.0,0.0,0.0,0.0,0.0,0.0,0.0,0.0,0.0,0.0,0.0,0.0,0.0,0.0,0.0,0.0,0.0,0.0,0.0,0.0,0.0,0.0,0.0,75.03
10/07/2021,0.8,0.76,0.78,0.89,0.76,0.75,0.85,0.82,0.76,0.82,0.67,0.8,0.71,0.69,0.9,0.75,0.62,0.56,0.54,0.48,0.78,0.54,0.51,0.0,0.0,0.78,0.57,0.7,0.61,0.46,0.87,0.49,0.45,0.5,0.56,0.6,0.45,0.38,0.44,0.61,0.5,0.48,0.53,0.53,0.5,0.41,0.4,0.42,0.41,0.44,0.46,0.45,0.56,0.33,0.36,0.38,0.25,0.3,0.41,0.42,0.41,0.34,0.28,0.48,0.4,0.26,0.42,0.39,0.51,0.38,0.0,0.42,0.41,0.44,0.39,0.28,0.28,0.29,0.25,0.3,0.27,0.29,0.49,0.49,0.27,0.27,0.28,0.53,0.27,0.24,0.28,0.26,0.29,0.29,0.29,0.28,0.28,0.0,0.0,0.27,0.0,0.26,0.32,0.28,0.28,0.34,0.26,0.29,0.28,0.25,0.29,0.3,0.23,0.25,0.27,0.25,0.28,0.25,0.25,0.26,0.3,0.3,0.52,0.46,0.28,0.25,0.26,0.27,0.28,0.27,0.26,0.28,0.0,0.33,0.0,0.27,0.26,0.26,0.28,0.34,0.28,0.23,0.26,0.25,0.24,0.0,0.4,0.23,0.26,0.25,0.22,0.23,0.22,0.26,0.27,0.24,0.43,0.24,0.24,0.24,0.24,0.23,0.23,0.24,0.24,0.23,0.26,0.0,0.31,0.24,0.23,0.0,0.0,0.24,0.0,0.0,0.0,0.22,0.34,0.0,0.0,0.22,0.32,0.24,0.22,0.0,0.25,0.0,0.24,0.0,0.0,0.22,0.23,0.29,0.24,0.22,0.0,0.23,0.24,0.0,0.0,0.0,0.0,0.0,0.29,0.25,0.23,0.0,0.29,0.0,0.0,0.0,0.0,0.0,0.0,0.0,0.0,0.25,0.28,0.0,0.0,0.0,0.0,0.0,0.33,0.0,0.22,0.0,0.0,0.0,0.58,0.36,0.4,0.35,0.31,0.3,0.31,0.26,0.25,0.26,0.24,0.22,0.27,0.22,0.0,0.28,0.0,0.0,0.0,0.0,0.0,0.0,0.0,0.0,0.0,0.0,0.0,0.0,0.0,0.0,0.0,0.0,0.0,0.0,0.0,0.0,0.0,0.0,0.0,0.0,0.0,0.0,0.0,0.0,0.0,0.0,0.0,0.0,0.0,0.0,0.0,0.0,0.0,0.0,0.0,0.0,0.0,0.0,0.0,0.0,0.0,0.0,0.0,0.0,0.0,0.0,0.0,0.0,74.93
10/08/2021,0.8,0.76,0.78,0.89,0.76,0.75,0.85,0.82,0.76,0.82,0.67,0.8,0.71,0.69,0.9,0.75,0.62,0.56,0.54,0.48,0.78,0.54,0.51,0.0,0.0,0.78,0.57,0.7,0.61,0.46,0.87,0.49,0.45,0.5,0.56,0.6,0.45,0.38,0.44,0.61,0.5,0.48,0.53,0.53,0.5,0.41,0.4,0.42,0.41,0.44,0.46,0.45,0.56,0.33,0.36,0.38,0.25,0.3,0.41,0.42,0.41,0.34,0.28,0.48,0.4,0.26,0.42,0.39,0.51,0.38,0.0,0.42,0.41,0.44,0.39,0.28,0.28,0.29,0.25,0.3,0.27,0.29,0.49,0.49,0.27,0.27,0.28,0.53,0.27,0.24,0.28,0.26,0.29,0.29,0.29,0.28,0.28,0.0,0.0,0.27,0.0,0.26,0.32,0.28,0.28,0.34,0.26,0.29,0.28,0.25,0.29,0.3,0.23,0.25,0.27,0.25,0.28,0.25,0.25,0.26,0.3,0.3,0.52,0.46,0.28,0.25,0.26,0.27,0.28,0.27,0.26,0.28,0.0,0.33,0.0,0.27,0.26,0.26,0.28,0.34,0.28,0.23,0.26,0.25,0.24,0.0,0.4,0.23,0.26,0.25,0.22,0.23,0.22,0.26,0.27,0.24,0.43,0.24,0.24,0.24,0.24,0.23,0.23,0.24,0.24,0.23,0.26,0.0,0.31,0.24,0.23,0.0,0.0,0.24,0.0,0.0,0.0,0.22,0.34,0.0,0.0,0.22,0.32,0.24,0.22,0.0,0.25,0.0,0.24,0.0,0.0,0.22,0.23,0.29,0.24,0.22,0.0,0.23,0.24,0.0,0.0,0.0,0.0,0.0,0.29,0.25,0.23,0.0,0.29,0.0,0.0,0.0,0.0,0.0,0.0,0.0,0.0,0.25,0.28,0.0,0.0,0.0,0.0,0.0,0.33,0.0,0.22,0.0,0.0,0.0,0.58,0.36,0.4,0.35,0.31,0.3,0.31,0.26,0.25,0.26,0.24,0.22,0.27,0.22,0.0,0.28,0.0,0.0,0.0,0.0,0.0,0.0,0.0,0.0,0.0,0.0,0.0,0.0,0.0,0.0,0.0,0.0,0.0,0.0,0.0,0.0,0.0,0.0,0.0,0.0,0.0,0.0,0.0,0.0,0.0,0.0,0.0,0.0,0.0,0.0,0.0,0.0,0.0,0.0,0.0,0.0,0.0,0.0,0.0,0.0,0.0,0.0,0.0,0.0,0.0,0.0,0.0,0.0,74.93
10/11/2021,0.82,0.76,0.79,0.86,0.76,0.76,0.85,0.84,0.77,0.83,0.67,0.8,0.71,0.69,0.86,0.74,0.61,0.55,0.53,0.47,0.79,0.54,0.5,0.0,0.0,0.77,0.57,0.68,0.62,0.48,0.87,0.51,0.46,0.49,0.57,0.59,0.45,0.39,0.44,0.54,0.54,0.48,0.53,0.54,0.5,0.42,0.41,0.43,0.42,0.45,0.47,0.46,0.56,0.31,0.34,0.39,0.26,0.3,0.44,0.44,0.42,0.34,0.27,0.48,0.4,0.26,0.43,0.39,0.48,0.38,0.0,0.42,0.41,0.45,0.39,0.27,0.29,0.29,0.25,0.29,0.27,0.28,0.48,0.48,0.27,0.27,0.28,0.53,0.26,0.24,0.26,0.26,0.27,0.28,0.31,0.28,0.28,0.0,0.0,0.27,0.0,0.25,0.32,0.29,0.28,0.33,0.27,0.29,0.27,0.23,0.29,0.3,0.22,0.25,0.28,0.24,0.28,0.25,0.24,0.25,0.29,0.3,0.52,0.45,0.28,0.25,0.26,0.27,0.28,0.25,0.26,0.27,0.0,0.32,0.0,0.26,0.27,0.27,0.28,0.34,0.29,0.23,0.26,0.25,0.24,0.22,0.43,0.24,0.26,0.25,0.22,0.23,0.22,0.26,0.27,0.25,0.43,0.23,0.24,0.24,0.24,0.23,0.23,0.25,0.24,0.23,0.26,0.0,0.3,0.24,0.22,0.0,0.0,0.25,0.0,0.22,0.0,0.0,0.33,0.0,0.0,0.0,0.31,0.24,0.22,0.0,0.24,0.0,0.25,0.0,0.0,0.22,0.23,0.28,0.25,0.22,0.0,0.23,0.24,0.0,0.0,0.22,0.0,0.0,0.3,0.24,0.23,0.0,0.3,0.0,0.0,0.0,0.0,0.0,0.0,0.0,0.0,0.25,0.28,0.0,0.0,0.0,0.0,0.0,0.33,0.0,0.22,0.0,0.0,0.0,0.59,0.36,0.41,0.35,0.31,0.29,0.31,0.27,0.25,0.25,0.24,0.23,0.29,0.0,0.0,0.0,0.28,0.0,0.0,0.0,0.0,0.0,0.0,0.0,0.0,0.0,0.0,0.0,0.0,0.0,0.0,0.0,0.0,0.0,0.0,0.0,0.0,0.0,0.0,0.0,0.0,0.0,0.0,0.0,0.0,0.0,0.0,0.0,0.0,0.0,0.0,0.0,0.0,0.0,0.0,0.0,0.0,0.0,0.0,0.0,0.0,0.0,0.0,0.0,0.0,0.0,0.0,0.0,74.88
10/12/2021,0.67,0.77,0.88,0.85,0.74,0.77,0.85,0.82,0.77,0.82,0.69,0.78,0.69,0.69,0.82,0.73,0.61,0.54,0.53,0.46,0.79,0.53,0.48,0.0,0.0,0.76,0.56,0.7,0.62,0.49,0.86,0.52,0.45,0.49,0.57,0.58,0.46,0.38,0.44,0.57,0.53,0.49,0.53,0.53,0.49,0.41,0.42,0.44,0.42,0.44,0.47,0.46,0.57,0.34,0.34,0.38,0.26,0.3,0.45,0.45,0.43,0.34,0.28,0.47,0.4,0.26,0.41,0.39,0.49,0.37,0.0,0.43,0.41,0.45,0.39,0.27,0.27,0.29,0.25,0.3,0.27,0.28,0.49,0.46,0.27,0.27,0.27,0.52,0.27,0.25,0.26,0.25,0.27,0.28,0.31,0.27,0.29,0.0,0.0,0.27,0.0,0.24,0.32,0.3,0.29,0.34,0.27,0.29,0.26,0.22,0.28,0.3,0.0,0.25,0.27,0.24,0.28,0.25,0.23,0.26,0.29,0.3,0.51,0.44,0.28,0.25,0.26,0.28,0.28,0.24,0.27,0.28,0.0,0.31,0.0,0.26,0.27,0.28,0.28,0.35,0.29,0.23,0.26,0.25,0.24,0.22,0.46,0.24,0.25,0.24,0.22,0.23,0.22,0.25,0.27,0.25,0.42,0.23,0.24,0.24,0.24,0.23,0.24,0.25,0.24,0.24,0.26,0.0,0.33,0.24,0.23,0.0,0.0,0.25,0.0,0.0,0.0,0.22,0.34,0.0,0.23,0.0,0.31,0.25,0.22,0.0,0.24,0.0,0.25,0.0,0.0,0.22,0.23,0.28,0.25,0.22,0.0,0.23,0.24,0.0,0.0,0.0,0.0,0.0,0.3,0.24,0.23,0.0,0.3,0.22,0.0,0.0,0.0,0.0,0.0,0.0,0.0,0.25,0.28,0.0,0.0,0.0,0.0,0.0,0.32,0.0,0.22,0.0,0.0,0.0,0.55,0.36,0.43,0.35,0.31,0.3,0.33,0.28,0.25,0.25,0.25,0.22,0.27,0.0,0.0,0.0,0.28,0.0,0.0,0.0,0.0,0.0,0.0,0.0,0.0,0.0,0.0,0.0,0.0,0.0,0.0,0.0,0.0,0.0,0.0,0.0,0.0,0.0,0.0,0.0,0.0,0.0,0.0,0.0,0.0,0.0,0.0,0.0,0.0,0.0,0.0,0.0,0.0,0.0,0.0,0.0,0.0,0.0,0.0,0.0,0.0,0.0,0.0,0.0,0.0,0.0,0.0,0.0,74.74000000000001
10/13/2021,0.67,0.77,0.88,0.85,0.74,0.77,0.85,0.82,0.77,0.82,0.69,0.78,0.69,0.69,0.82,0.73,0.61,0.54,0.53,0.46,0.79,0.53,0.48,0.0,0.0,0.76,0.56,0.7,0.62,0.49,0.86,0.52,0.45,0.49,0.57,0.58,0.46,0.38,0.44,0.57,0.53,0.49,0.53,0.53,0.49,0.41,0.42,0.44,0.42,0.44,0.47,0.46,0.57,0.34,0.34,0.38,0.26,0.3,0.45,0.45,0.43,0.34,0.28,0.47,0.4,0.26,0.41,0.39,0.49,0.37,0.0,0.43,0.41,0.45,0.39,0.27,0.27,0.29,0.25,0.3,0.27,0.28,0.49,0.46,0.27,0.27,0.27,0.52,0.27,0.25,0.26,0.25,0.27,0.28,0.31,0.27,0.29,0.0,0.0,0.27,0.0,0.24,0.32,0.3,0.29,0.34,0.27,0.29,0.26,0.22,0.28,0.3,0.0,0.25,0.27,0.24,0.28,0.25,0.23,0.26,0.29,0.3,0.51,0.44,0.28,0.25,0.26,0.28,0.28,0.24,0.27,0.28,0.0,0.31,0.0,0.26,0.27,0.28,0.28,0.35,0.29,0.23,0.26,0.25,0.24,0.22,0.46,0.24,0.25,0.24,0.22,0.23,0.22,0.25,0.27,0.25,0.42,0.23,0.24,0.24,0.24,0.23,0.24,0.25,0.24,0.24,0.26,0.0,0.33,0.24,0.23,0.0,0.0,0.25,0.0,0.0,0.0,0.22,0.34,0.0,0.23,0.0,0.31,0.25,0.22,0.0,0.24,0.0,0.25,0.0,0.0,0.22,0.23,0.28,0.25,0.22,0.0,0.23,0.24,0.0,0.0,0.0,0.0,0.0,0.3,0.24,0.23,0.0,0.3,0.22,0.0,0.0,0.0,0.0,0.0,0.0,0.0,0.25,0.28,0.0,0.0,0.0,0.0,0.0,0.32,0.0,0.22,0.0,0.0,0.0,0.55,0.36,0.43,0.35,0.31,0.3,0.33,0.28,0.25,0.25,0.25,0.22,0.27,0.0,0.0,0.0,0.28,0.0,0.0,0.0,0.0,0.0,0.0,0.0,0.0,0.0,0.0,0.0,0.0,0.0,0.0,0.0,0.0,0.0,0.0,0.0,0.0,0.0,0.0,0.0,0.0,0.0,0.0,0.0,0.0,0.0,0.0,0.0,0.0,0.0,0.0,0.0,0.0,0.0,0.0,0.0,0.0,0.0,0.0,0.0,0.0,0.0,0.0,0.0,0.0,0.0,0.0,0.0,74.74000000000001
10/14/2021,0.67,0.77,0.88,0.85,0.74,0.77,0.85,0.82,0.77,0.82,0.69,0.78,0.69,0.69,0.82,0.73,0.61,0.54,0.53,0.46,0.79,0.53,0.48,0.0,0.0,0.76,0.56,0.7,0.62,0.49,0.86,0.52,0.45,0.49,0.57,0.58,0.46,0.38,0.44,0.57,0.53,0.49,0.53,0.53,0.49,0.41,0.42,0.44,0.42,0.44,0.47,0.46,0.57,0.34,0.34,0.38,0.26,0.3,0.45,0.45,0.43,0.34,0.28,0.47,0.4,0.26,0.41,0.39,0.49,0.37,0.0,0.43,0.41,0.45,0.39,0.27,0.27,0.29,0.25,0.3,0.27,0.28,0.49,0.46,0.27,0.27,0.27,0.52,0.27,0.25,0.26,0.25,0.27,0.28,0.31,0.27,0.29,0.0,0.0,0.27,0.0,0.24,0.32,0.3,0.29,0.34,0.27,0.29,0.26,0.22,0.28,0.3,0.0,0.25,0.27,0.24,0.28,0.25,0.23,0.26,0.29,0.3,0.51,0.44,0.28,0.25,0.26,0.28,0.28,0.24,0.27,0.28,0.0,0.31,0.0,0.26,0.27,0.28,0.28,0.35,0.29,0.23,0.26,0.25,0.24,0.22,0.46,0.24,0.25,0.24,0.22,0.23,0.22,0.25,0.27,0.25,0.42,0.23,0.24,0.24,0.24,0.23,0.24,0.25,0.24,0.24,0.26,0.0,0.33,0.24,0.23,0.0,0.0,0.25,0.0,0.0,0.0,0.22,0.34,0.0,0.23,0.0,0.31,0.25,0.22,0.0,0.24,0.0,0.25,0.0,0.0,0.22,0.23,0.28,0.25,0.22,0.0,0.23,0.24,0.0,0.0,0.0,0.0,0.0,0.3,0.24,0.23,0.0,0.3,0.22,0.0,0.0,0.0,0.0,0.0,0.0,0.0,0.25,0.28,0.0,0.0,0.0,0.0,0.0,0.32,0.0,0.22,0.0,0.0,0.0,0.55,0.36,0.43,0.35,0.31,0.3,0.33,0.28,0.25,0.25,0.25,0.22,0.27,0.0,0.0,0.0,0.28,0.0,0.0,0.0,0.0,0.0,0.0,0.0,0.0,0.0,0.0,0.0,0.0,0.0,0.0,0.0,0.0,0.0,0.0,0.0,0.0,0.0,0.0,0.0,0.0,0.0,0.0,0.0,0.0,0.0,0.0,0.0,0.0,0.0,0.0,0.0,0.0,0.0,0.0,0.0,0.0,0.0,0.0,0.0,0.0,0.0,0.0,0.0,0.0,0.0,0.0,0.0,74.74000000000001
10/18/2021,0.0,0.78,1.03,0.88,0.74,0.76,0.83,0.83,0.76,0.82,0.67,0.79,0.65,0.68,0.84,0.71,0.61,0.52,0.54,0.48,0.78,0.55,0.47,0.0,0.0,0.75,0.57,0.7,0.63,0.46,0.85,0.51,0.44,0.48,0.57,0.58,0.46,0.38,0.43,0.57,0.53,0.47,0.51,0.53,0.47,0.4,0.42,0.43,0.43,0.44,0.48,0.46,0.57,0.34,0.36,0.38,0.27,0.32,0.45,0.44,0.42,0.34,0.29,0.47,0.38,0.25,0.4,0.39,0.52,0.37,0.0,0.43,0.41,0.45,0.38,0.26,0.27,0.29,0.24,0.3,0.29,0.28,0.48,0.45,0.27,0.28,0.26,0.5,0.27,0.28,0.26,0.26,0.27,0.28,0.31,0.26,0.29,0.0,0.22,0.27,0.0,0.23,0.32,0.29,0.28,0.32,0.27,0.29,0.27,0.22,0.28,0.31,0.0,0.26,0.28,0.22,0.28,0.25,0.23,0.25,0.28,0.3,0.52,0.44,0.28,0.24,0.25,0.27,0.27,0.22,0.26,0.28,0.0,0.31,0.0,0.25,0.26,0.27,0.29,0.38,0.28,0.23,0.25,0.25,0.24,0.26,0.5,0.23,0.25,0.24,0.24,0.23,0.23,0.24,0.26,0.24,0.43,0.23,0.25,0.23,0.24,0.23,0.24,0.25,0.24,0.23,0.25,0.0,0.32,0.25,0.22,0.0,0.0,0.24,0.0,0.0,0.0,0.0,0.33,0.0,0.23,0.0,0.31,0.26,0.0,0.0,0.24,0.0,0.24,0.0,0.0,0.22,0.23,0.28,0.24,0.23,0.0,0.23,0.24,0.0,0.0,0.0,0.0,0.0,0.29,0.23,0.23,0.0,0.29,0.22,0.0,0.0,0.0,0.0,0.0,0.0,0.0,0.24,0.28,0.0,0.0,0.0,0.0,0.0,0.32,0.0,0.22,0.0,0.0,0.0,0.54,0.38,0.41,0.35,0.3,0.3,0.33,0.29,0.24,0.25,0.25,0.23,0.27,0.22,0.0,0.0,0.33,0.7,0.0,0.0,0.0,0.0,0.0,0.0,0.0,0.0,0.0,0.0,0.0,0.0,0.0,0.0,0.0,0.0,0.0,0.0,0.0,0.0,0.0,0.0,0.0,0.0,0.0,0.0,0.0,0.0,0.0,0.0,0.0,0.0,0.0,0.0,0.0,0.0,0.0,0.0,0.0,0.0,0.0,0.0,0.0,0.0,0.0,0.0,0.0,0.0,0.0,0.0,74.67000000000002
10/19/2021,0.0,0.77,1.0,0.89,0.74,0.75,0.86,0.85,0.75,0.84,0.67,0.79,0.66,0.68,0.88,0.7,0.61,0.52,0.54,0.48,0.78,0.55,0.47,0.0,0.0,0.76,0.58,0.66,0.63,0.46,0.87,0.51,0.44,0.46,0.56,0.57,0.47,0.37,0.43,0.56,0.54,0.49,0.51,0.54,0.48,0.39,0.42,0.43,0.44,0.43,0.46,0.45,0.57,0.35,0.36,0.36,0.28,0.32,0.44,0.42,0.43,0.34,0.29,0.46,0.37,0.25,0.39,0.38,0.53,0.38,0.0,0.43,0.41,0.45,0.38,0.26,0.28,0.28,0.24,0.31,0.28,0.28,0.48,0.47,0.28,0.28,0.26,0.5,0.26,0.27,0.26,0.26,0.28,0.27,0.31,0.27,0.29,0.0,0.23,0.28,0.0,0.23,0.32,0.3,0.28,0.33,0.28,0.29,0.27,0.23,0.28,0.31,0.0,0.27,0.28,0.22,0.27,0.23,0.24,0.26,0.29,0.29,0.52,0.43,0.28,0.25,0.25,0.27,0.28,0.23,0.25,0.27,0.0,0.3,0.0,0.25,0.27,0.28,0.29,0.38,0.28,0.22,0.25,0.26,0.25,0.25,0.49,0.24,0.25,0.24,0.24,0.23,0.23,0.26,0.26,0.25,0.42,0.23,0.24,0.23,0.24,0.24,0.23,0.25,0.24,0.24,0.25,0.0,0.31,0.25,0.22,0.0,0.0,0.25,0.0,0.22,0.0,0.22,0.33,0.0,0.24,0.0,0.31,0.26,0.0,0.0,0.0,0.0,0.25,0.0,0.0,0.0,0.23,0.28,0.25,0.22,0.22,0.23,0.24,0.0,0.0,0.0,0.0,0.0,0.29,0.22,0.23,0.0,0.29,0.22,0.0,0.0,0.0,0.0,0.0,0.0,0.0,0.25,0.29,0.0,0.0,0.0,0.0,0.0,0.31,0.0,0.22,0.0,0.0,0.0,0.53,0.38,0.41,0.36,0.29,0.3,0.33,0.27,0.24,0.25,0.24,0.22,0.3,0.0,0.0,0.0,0.32,0.71,0.0,0.0,0.0,0.0,0.0,0.0,0.0,0.0,0.0,0.0,0.0,0.0,0.0,0.0,0.0,0.0,0.0,0.0,0.0,0.0,0.0,0.0,0.0,0.0,0.0,0.0,0.0,0.0,0.0,0.0,0.0,0.0,0.0,0.0,0.0,0.0,0.0,0.0,0.0,0.0,0.0,0.0,0.0,0.0,0.0,0.0,0.0,0.0,0.0,0.0,74.74000000000001
10/20/2021,0.0,0.77,1.0,0.89,0.74,0.75,0.86,0.85,0.75,0.84,0.67,0.79,0.66,0.68,0.88,0.7,0.61,0.52,0.54,0.48,0.78,0.55,0.47,0.0,0.0,0.76,0.58,0.66,0.63,0.46,0.87,0.51,0.44,0.46,0.56,0.57,0.47,0.37,0.43,0.56,0.54,0.49,0.51,0.54,0.48,0.39,0.42,0.43,0.44,0.43,0.46,0.45,0.57,0.35,0.36,0.36,0.28,0.32,0.44,0.42,0.43,0.34,0.29,0.46,0.37,0.25,0.39,0.38,0.53,0.38,0.0,0.43,0.41,0.45,0.38,0.26,0.28,0.28,0.24,0.31,0.28,0.28,0.48,0.47,0.28,0.28,0.26,0.5,0.26,0.27,0.26,0.26,0.28,0.27,0.31,0.27,0.29,0.0,0.23,0.28,0.0,0.23,0.32,0.3,0.28,0.33,0.28,0.29,0.27,0.23,0.28,0.31,0.0,0.27,0.28,0.22,0.27,0.23,0.24,0.26,0.29,0.29,0.52,0.43,0.28,0.25,0.25,0.27,0.28,0.23,0.25,0.27,0.0,0.3,0.0,0.25,0.27,0.28,0.29,0.38,0.28,0.22,0.25,0.26,0.25,0.25,0.49,0.24,0.25,0.24,0.24,0.23,0.23,0.26,0.26,0.25,0.42,0.23,0.24,0.23,0.24,0.24,0.23,0.25,0.24,0.24,0.25,0.0,0.31,0.25,0.22,0.0,0.0,0.25,0.0,0.22,0.0,0.22,0.33,0.0,0.24,0.0,0.31,0.26,0.0,0.0,0.0,0.0,0.25,0.0,0.0,0.0,0.23,0.28,0.25,0.22,0.22,0.23,0.24,0.0,0.0,0.0,0.0,0.0,0.29,0.22,0.23,0.0,0.29,0.22,0.0,0.0,0.0,0.0,0.0,0.0,0.0,0.25,0.29,0.0,0.0,0.0,0.0,0.0,0.31,0.0,0.22,0.0,0.0,0.0,0.53,0.38,0.41,0.36,0.29,0.3,0.33,0.27,0.24,0.25,0.24,0.22,0.3,0.0,0.0,0.0,0.32,0.71,0.0,0.0,0.0,0.0,0.0,0.0,0.0,0.0,0.0,0.0,0.0,0.0,0.0,0.0,0.0,0.0,0.0,0.0,0.0,0.0,0.0,0.0,0.0,0.0,0.0,0.0,0.0,0.0,0.0,0.0,0.0,0.0,0.0,0.0,0.0,0.0,0.0,0.0,0.0,0.0,0.0,0.0,0.0,0.0,0.0,0.0,0.0,0.0,0.0,0.0,74.74000000000001
10/21/2021,0.0,0.76,1.01,0.9,0.74,0.74,0.86,0.83,0.75,0.83,0.68,0.78,0.65,0.68,0.86,0.68,0.61,0.52,0.55,0.49,0.78,0.55,0.47,0.0,0.0,0.75,0.57,0.66,0.63,0.45,0.88,0.51,0.44,0.46,0.56,0.56,0.48,0.36,0.44,0.53,0.54,0.5,0.5,0.53,0.48,0.39,0.42,0.42,0.44,0.43,0.46,0.45,0.55,0.35,0.35,0.37,0.27,0.32,0.44,0.41,0.44,0.35,0.29,0.46,0.38,0.26,0.39,0.38,0.53,0.38,0.0,0.43,0.4,0.45,0.38,0.27,0.29,0.28,0.24,0.32,0.29,0.29,0.48,0.46,0.27,0.28,0.25,0.5,0.26,0.27,0.27,0.26,0.28,0.27,0.31,0.27,0.29,0.0,0.23,0.28,0.0,0.23,0.32,0.3,0.28,0.33,0.27,0.28,0.28,0.22,0.28,0.32,0.0,0.27,0.28,0.22,0.27,0.23,0.24,0.25,0.28,0.3,0.52,0.43,0.28,0.25,0.25,0.27,0.27,0.23,0.25,0.27,0.0,0.3,0.0,0.25,0.27,0.27,0.29,0.38,0.28,0.22,0.25,0.26,0.24,0.25,0.52,0.24,0.24,0.24,0.24,0.23,0.23,0.25,0.26,0.25,0.42,0.23,0.25,0.23,0.24,0.24,0.23,0.25,0.24,0.24,0.24,0.0,0.31,0.25,0.23,0.0,0.0,0.24,0.0,0.22,0.0,0.22,0.33,0.0,0.24,0.0,0.32,0.26,0.0,0.0,0.0,0.0,0.24,0.0,0.0,0.0,0.23,0.28,0.25,0.0,0.22,0.22,0.24,0.0,0.0,0.0,0.0,0.0,0.29,0.23,0.23,0.0,0.29,0.22,0.0,0.0,0.0,0.0,0.0,0.0,0.0,0.25,0.3,0.0,0.22,0.0,0.0,0.0,0.31,0.0,0.23,0.0,0.0,0.0,0.53,0.38,0.41,0.36,0.29,0.29,0.33,0.26,0.24,0.25,0.25,0.22,0.3,0.0,0.0,0.0,0.32,0.71,0.0,0.0,0.0,0.0,0.0,0.0,0.0,0.0,0.0,0.0,0.0,0.0,0.0,0.0,0.0,0.0,0.0,0.0,0.0,0.0,0.0,0.0,0.0,0.0,0.0,0.0,0.0,0.0,0.0,0.0,0.0,0.0,0.0,0.0,0.0,0.0,0.0,0.0,0.0,0.0,0.0,0.0,0.0,0.0,0.0,0.0,0.0,0.0,0.0,0.0,74.60000000000001
10/22/2021,0.0,0.77,1.0,0.87,0.73,0.75,0.87,0.84,0.75,0.81,0.68,0.78,0.63,0.68,0.84,0.68,0.6,0.52,0.54,0.5,0.78,0.55,0.48,0.0,0.0,0.76,0.57,0.66,0.63,0.45,0.88,0.5,0.44,0.46,0.55,0.57,0.48,0.36,0.44,0.54,0.55,0.5,0.51,0.52,0.49,0.39,0.43,0.42,0.44,0.43,0.46,0.46,0.56,0.35,0.36,0.36,0.27,0.34,0.45,0.42,0.43,0.35,0.29,0.46,0.38,0.25,0.39,0.38,0.54,0.37,0.0,0.43,0.4,0.45,0.38,0.27,0.29,0.28,0.24,0.31,0.29,0.28,0.48,0.46,0.27,0.27,0.26,0.5,0.26,0.29,0.26,0.26,0.28,0.28,0.31,0.27,0.29,0.0,0.24,0.28,0.22,0.23,0.33,0.3,0.29,0.32,0.27,0.29,0.27,0.23,0.29,0.31,0.23,0.27,0.28,0.22,0.27,0.23,0.24,0.25,0.28,0.3,0.51,0.42,0.28,0.25,0.25,0.27,0.28,0.23,0.26,0.27,0.0,0.29,0.0,0.25,0.27,0.27,0.29,0.38,0.28,0.22,0.25,0.26,0.24,0.26,0.52,0.24,0.25,0.24,0.24,0.23,0.23,0.25,0.25,0.25,0.41,0.24,0.24,0.23,0.23,0.24,0.23,0.25,0.23,0.24,0.24,0.0,0.31,0.25,0.22,0.0,0.0,0.24,0.0,0.0,0.0,0.0,0.33,0.0,0.24,0.0,0.32,0.26,0.0,0.0,0.0,0.0,0.25,0.0,0.0,0.0,0.23,0.28,0.25,0.0,0.22,0.22,0.24,0.0,0.0,0.0,0.0,0.0,0.29,0.23,0.24,0.0,0.29,0.22,0.0,0.0,0.0,0.0,0.0,0.0,0.0,0.25,0.3,0.0,0.22,0.0,0.0,0.0,0.31,0.0,0.22,0.0,0.0,0.0,0.54,0.38,0.42,0.37,0.29,0.3,0.34,0.27,0.23,0.25,0.25,0.22,0.3,0.0,0.0,0.0,0.34,0.83,0.0,0.0,0.0,0.0,0.0,0.0,0.0,0.0,0.0,0.0,0.0,0.0,0.0,0.0,0.0,0.0,0.0,0.0,0.0,0.0,0.0,0.0,0.0,0.0,0.0,0.0,0.0,0.0,0.0,0.0,0.0,0.0,0.0,0.0,0.0,0.0,0.0,0.0,0.0,0.0,0.0,0.0,0.0,0.0,0.0,0.0,0.0,0.0,0.0,0.0,74.81
10/25/2021,0.0,0.76,0.98,0.87,0.76,0.74,0.84,0.83,0.75,0.77,0.67,0.82,0.65,0.67,0.81,0.68,0.6,0.52,0.54,0.51,0.77,0.55,0.47,0.0,0.0,0.75,0.57,0.66,0.64,0.47,0.89,0.49,0.44,0.45,0.55,0.57,0.48,0.37,0.43,0.52,0.56,0.5,0.51,0.53,0.48,0.39,0.43,0.42,0.44,0.43,0.46,0.45,0.56,0.34,0.35,0.36,0.27,0.33,0.46,0.41,0.44,0.34,0.29,0.48,0.37,0.25,0.38,0.38,0.53,0.37,0.0,0.43,0.4,0.45,0.39,0.27,0.27,0.28,0.24,0.31,0.28,0.28,0.48,0.46,0.27,0.27,0.26,0.5,0.26,0.29,0.26,0.25,0.28,0.27,0.31,0.27,0.29,0.0,0.23,0.28,0.22,0.23,0.32,0.29,0.29,0.32,0.27,0.29,0.26,0.23,0.29,0.31,0.22,0.27,0.29,0.23,0.27,0.23,0.24,0.26,0.28,0.31,0.51,0.42,0.28,0.25,0.26,0.27,0.27,0.23,0.26,0.28,0.0,0.29,0.0,0.25,0.27,0.27,0.29,0.37,0.28,0.22,0.25,0.26,0.24,0.25,0.52,0.25,0.25,0.24,0.24,0.23,0.23,0.25,0.25,0.25,0.41,0.23,0.24,0.23,0.24,0.25,0.23,0.25,0.23,0.23,0.24,0.0,0.31,0.25,0.0,0.0,0.0,0.24,0.0,0.0,0.0,0.0,0.34,0.0,0.24,0.0,0.32,0.25,0.0,0.0,0.0,0.0,0.25,0.0,0.0,0.0,0.24,0.28,0.24,0.22,0.22,0.22,0.24,0.0,0.0,0.0,0.0,0.0,0.29,0.24,0.24,0.0,0.29,0.22,0.0,0.0,0.0,0.0,0.0,0.0,0.0,0.26,0.3,0.0,0.22,0.0,0.0,0.0,0.3,0.0,0.22,0.0,0.0,0.0,0.54,0.37,0.43,0.36,0.29,0.3,0.34,0.27,0.25,0.25,0.26,0.22,0.29,0.0,0.0,0.0,0.33,0.83,0.0,0.0,0.0,0.0,0.0,0.0,0.0,0.0,0.0,0.0,0.0,0.0,0.0,0.0,0.0,0.0,0.0,0.0,0.0,0.0,0.0,0.0,0.0,0.0,0.0,0.0,0.0,0.0,0.0,0.0,0.0,0.0,0.0,0.0,0.0,0.0,0.0,0.0,0.0,0.0,0.0,0.0,0.0,0.0,0.0,0.0,0.0,0.0,0.0,0.0,74.63
10/26/2021,0.0,0.76,0.97,0.87,0.75,0.75,0.84,0.85,0.76,0.76,0.67,0.83,0.66,0.67,0.8,0.68,0.6,0.52,0.54,0.5,0.77,0.54,0.48,0.0,0.0,0.75,0.57,0.67,0.63,0.46,0.89,0.5,0.45,0.45,0.55,0.57,0.49,0.37,0.44,0.53,0.55,0.51,0.51,0.52,0.49,0.39,0.43,0.42,0.44,0.42,0.46,0.45,0.55,0.33,0.35,0.35,0.27,0.33,0.45,0.42,0.43,0.34,0.29,0.47,0.37,0.26,0.37,0.38,0.53,0.37,0.0,0.43,0.4,0.45,0.38,0.26,0.29,0.28,0.25,0.32,0.29,0.28,0.48,0.47,0.28,0.28,0.26,0.49,0.27,0.29,0.26,0.25,0.28,0.28,0.31,0.27,0.29,0.0,0.24,0.28,0.22,0.23,0.32,0.3,0.3,0.35,0.27,0.29,0.27,0.25,0.28,0.31,0.22,0.27,0.29,0.23,0.28,0.24,0.25,0.26,0.28,0.3,0.5,0.42,0.28,0.25,0.24,0.27,0.27,0.23,0.27,0.27,0.0,0.29,0.0,0.25,0.27,0.28,0.29,0.37,0.29,0.22,0.25,0.26,0.23,0.25,0.54,0.25,0.24,0.24,0.24,0.23,0.23,0.25,0.26,0.25,0.41,0.24,0.24,0.22,0.24,0.25,0.23,0.25,0.23,0.23,0.24,0.0,0.3,0.25,0.21,0.0,0.0,0.24,0.0,0.0,0.0,0.0,0.34,0.0,0.23,0.0,0.32,0.26,0.0,0.0,0.0,0.0,0.25,0.0,0.0,0.0,0.24,0.28,0.24,0.22,0.22,0.22,0.24,0.0,0.0,0.0,0.0,0.0,0.29,0.23,0.23,0.0,0.29,0.22,0.0,0.0,0.0,0.0,0.0,0.0,0.0,0.26,0.3,0.0,0.0,0.0,0.0,0.0,0.3,0.0,0.22,0.0,0.0,0.0,0.53,0.37,0.41,0.36,0.29,0.3,0.32,0.27,0.25,0.25,0.26,0.22,0.3,0.0,0.0,0.0,0.34,0.84,0.0,0.0,0.0,0.0,0.0,0.0,0.0,0.0,0.0,0.0,0.0,0.0,0.0,0.0,0.0,0.0,0.0,0.0,0.0,0.0,0.0,0.0,0.0,0.0,0.0,0.0,0.0,0.0,0.0,0.0,0.0,0.0,0.0,0.0,0.0,0.0,0.0,0.0,0.0,0.0,0.0,0.0,0.0,0.0,0.0,0.0,0.0,0.0,0.0,0.0,74.73
10/27/2021,0.0,0.76,0.97,0.87,0.75,0.75,0.84,0.85,0.76,0.76,0.67,0.83,0.66,0.67,0.8,0.68,0.6,0.52,0.54,0.5,0.77,0.54,0.48,0.0,0.0,0.75,0.57,0.67,0.63,0.46,0.89,0.5,0.45,0.45,0.55,0.57,0.49,0.37,0.44,0.53,0.55,0.51,0.51,0.52,0.49,0.39,0.43,0.42,0.44,0.42,0.46,0.45,0.55,0.33,0.35,0.35,0.27,0.33,0.45,0.42,0.43,0.34,0.29,0.47,0.37,0.26,0.37,0.38,0.53,0.37,0.0,0.43,0.4,0.45,0.38,0.26,0.29,0.28,0.25,0.32,0.29,0.28,0.48,0.47,0.28,0.28,0.26,0.49,0.27,0.29,0.26,0.25,0.28,0.28,0.31,0.27,0.29,0.0,0.24,0.28,0.22,0.23,0.32,0.3,0.3,0.35,0.27,0.29,0.27,0.25,0.28,0.31,0.22,0.27,0.29,0.23,0.28,0.24,0.25,0.26,0.28,0.3,0.5,0.42,0.28,0.25,0.24,0.27,0.27,0.23,0.27,0.27,0.0,0.29,0.0,0.25,0.27,0.28,0.29,0.37,0.29,0.22,0.25,0.26,0.23,0.25,0.54,0.25,0.24,0.24,0.24,0.23,0.23,0.25,0.26,0.25,0.41,0.24,0.24,0.22,0.24,0.25,0.23,0.25,0.23,0.23,0.24,0.0,0.3,0.25,0.21,0.0,0.0,0.24,0.0,0.0,0.0,0.0,0.34,0.0,0.23,0.0,0.32,0.26,0.0,0.0,0.0,0.0,0.25,0.0,0.0,0.0,0.24,0.28,0.24,0.22,0.22,0.22,0.24,0.0,0.0,0.0,0.0,0.0,0.29,0.23,0.23,0.0,0.29,0.22,0.0,0.0,0.0,0.0,0.0,0.0,0.0,0.26,0.3,0.0,0.0,0.0,0.0,0.0,0.3,0.0,0.22,0.0,0.0,0.0,0.53,0.37,0.41,0.36,0.29,0.3,0.32,0.27,0.25,0.25,0.26,0.22,0.3,0.0,0.0,0.0,0.34,0.84,0.0,0.0,0.0,0.0,0.0,0.0,0.0,0.0,0.0,0.0,0.0,0.0,0.0,0.0,0.0,0.0,0.0,0.0,0.0,0.0,0.0,0.0,0.0,0.0,0.0,0.0,0.0,0.0,0.0,0.0,0.0,0.0,0.0,0.0,0.0,0.0,0.0,0.0,0.0,0.0,0.0,0.0,0.0,0.0,0.0,0.0,0.0,0.0,0.0,0.0,74.73
10/28/2021,0.0,0.76,0.97,0.87,0.75,0.75,0.84,0.85,0.76,0.76,0.67,0.83,0.66,0.67,0.8,0.68,0.6,0.52,0.54,0.5,0.77,0.54,0.48,0.0,0.0,0.75,0.57,0.67,0.63,0.46,0.89,0.5,0.45,0.45,0.55,0.57,0.49,0.37,0.44,0.53,0.55,0.51,0.51,0.52,0.49,0.39,0.43,0.42,0.44,0.42,0.46,0.45,0.55,0.33,0.35,0.35,0.27,0.33,0.45,0.42,0.43,0.34,0.29,0.47,0.37,0.26,0.37,0.38,0.53,0.37,0.0,0.43,0.4,0.45,0.38,0.26,0.29,0.28,0.25,0.32,0.29,0.28,0.48,0.47,0.28,0.28,0.26,0.49,0.27,0.29,0.26,0.25,0.28,0.28,0.31,0.27,0.29,0.0,0.24,0.28,0.22,0.23,0.32,0.3,0.3,0.35,0.27,0.29,0.27,0.25,0.28,0.31,0.22,0.27,0.29,0.23,0.28,0.24,0.25,0.26,0.28,0.3,0.5,0.42,0.28,0.25,0.24,0.27,0.27,0.23,0.27,0.27,0.0,0.29,0.0,0.25,0.27,0.28,0.29,0.37,0.29,0.22,0.25,0.26,0.23,0.25,0.54,0.25,0.24,0.24,0.24,0.23,0.23,0.25,0.26,0.25,0.41,0.24,0.24,0.22,0.24,0.25,0.23,0.25,0.23,0.23,0.24,0.0,0.3,0.25,0.21,0.0,0.0,0.24,0.0,0.0,0.0,0.0,0.34,0.0,0.23,0.0,0.32,0.26,0.0,0.0,0.0,0.0,0.25,0.0,0.0,0.0,0.24,0.28,0.24,0.22,0.22,0.22,0.24,0.0,0.0,0.0,0.0,0.0,0.29,0.23,0.23,0.0,0.29,0.22,0.0,0.0,0.0,0.0,0.0,0.0,0.0,0.26,0.3,0.0,0.0,0.0,0.0,0.0,0.3,0.0,0.22,0.0,0.0,0.0,0.53,0.37,0.41,0.36,0.29,0.3,0.32,0.27,0.25,0.25,0.26,0.22,0.3,0.0,0.0,0.0,0.34,0.84,0.0,0.0,0.0,0.0,0.0,0.0,0.0,0.0,0.0,0.0,0.0,0.0,0.0,0.0,0.0,0.0,0.0,0.0,0.0,0.0,0.0,0.0,0.0,0.0,0.0,0.0,0.0,0.0,0.0,0.0,0.0,0.0,0.0,0.0,0.0,0.0,0.0,0.0,0.0,0.0,0.0,0.0,0.0,0.0,0.0,0.0,0.0,0.0,0.0,0.0,74.73
10/29/2021,0.0,0.72,0.93,0.91,0.75,0.74,0.83,0.82,0.73,0.76,0.67,0.81,0.67,0.67,0.75,0.67,0.6,0.52,0.52,0.49,0.76,0.52,0.48,0.0,0.0,0.75,0.55,0.67,0.62,0.46,0.91,0.5,0.45,0.46,0.54,0.57,0.49,0.37,0.42,0.52,0.54,0.5,0.5,0.51,0.49,0.4,0.44,0.43,0.44,0.43,0.46,0.44,0.55,0.33,0.36,0.35,0.26,0.34,0.45,0.41,0.44,0.34,0.29,0.47,0.37,0.27,0.37,0.38,0.52,0.36,0.0,0.43,0.4,0.45,0.38,0.26,0.31,0.28,0.24,0.32,0.28,0.29,0.47,0.47,0.28,0.28,0.25,0.5,0.27,0.3,0.27,0.25,0.28,0.28,0.31,0.27,0.29,0.0,0.24,0.28,0.0,0.23,0.32,0.31,0.3,0.36,0.27,0.3,0.28,0.24,0.29,0.32,0.0,0.27,0.28,0.22,0.27,0.24,0.24,0.25,0.28,0.3,0.5,0.42,0.28,0.25,0.24,0.27,0.27,0.22,0.27,0.28,0.0,0.29,0.0,0.25,0.27,0.27,0.29,0.0,0.29,0.22,0.25,0.26,0.24,0.25,0.57,0.25,0.24,0.24,0.24,0.23,0.24,0.24,0.25,0.25,0.43,0.24,0.24,0.22,0.24,0.25,0.23,0.25,0.24,0.23,0.23,0.0,0.31,0.25,0.0,0.0,0.0,0.24,0.0,0.22,0.0,0.0,0.34,0.0,0.22,0.22,0.32,0.24,0.0,0.0,0.0,0.0,0.25,0.0,0.0,0.22,0.24,0.27,0.24,0.22,0.22,0.22,0.24,0.0,0.0,0.0,0.0,0.0,0.29,0.25,0.24,0.0,0.29,0.22,0.0,0.0,0.0,0.0,0.0,0.0,0.0,0.25,0.29,0.0,0.0,0.0,0.0,0.0,0.29,0.0,0.22,0.0,0.0,0.0,0.52,0.35,0.41,0.36,0.29,0.3,0.32,0.27,0.26,0.25,0.28,0.22,0.3,0.0,0.0,0.0,0.35,0.85,0.37,0.0,0.0,0.0,0.0,0.0,0.0,0.0,0.0,0.0,0.0,0.0,0.0,0.0,0.0,0.0,0.0,0.0,0.0,0.0,0.0,0.0,0.0,0.0,0.0,0.0,0.0,0.0,0.0,0.0,0.0,0.0,0.0,0.0,0.0,0.0,0.0,0.0,0.0,0.0,0.0,0.0,0.0,0.0,0.0,0.0,0.0,0.0,0.0,0.0,74.49000000000001
11/01/2021,0.0,0.73,0.92,0.94,0.77,0.74,0.84,0.79,0.77,0.74,0.66,0.82,0.7,0.68,0.75,0.67,0.59,0.52,0.53,0.49,0.77,0.53,0.47,0.0,0.0,0.75,0.59,0.67,0.64,0.46,0.93,0.5,0.46,0.44,0.55,0.55,0.6,0.37,0.44,0.52,0.52,0.5,0.44,0.52,0.51,0.41,0.43,0.43,0.43,0.44,0.46,0.45,0.56,0.32,0.36,0.36,0.25,0.33,0.45,0.4,0.42,0.33,0.29,0.46,0.37,0.26,0.38,0.38,0.52,0.37,0.0,0.42,0.39,0.45,0.38,0.26,0.31,0.28,0.25,0.31,0.28,0.29,0.48,0.47,0.28,0.28,0.25,0.57,0.26,0.31,0.27,0.25,0.28,0.29,0.31,0.26,0.28,0.0,0.24,0.28,0.0,0.23,0.32,0.31,0.3,0.34,0.28,0.29,0.27,0.25,0.29,0.32,0.0,0.27,0.28,0.22,0.28,0.24,0.24,0.25,0.27,0.33,0.51,0.41,0.28,0.25,0.24,0.26,0.27,0.23,0.27,0.27,0.0,0.28,0.0,0.25,0.27,0.27,0.3,0.0,0.26,0.23,0.25,0.26,0.24,0.28,0.54,0.25,0.25,0.24,0.25,0.23,0.24,0.25,0.24,0.25,0.43,0.24,0.25,0.23,0.25,0.25,0.24,0.25,0.24,0.0,0.26,0.0,0.3,0.25,0.0,0.0,0.0,0.24,0.0,0.22,0.0,0.22,0.33,0.0,0.22,0.0,0.32,0.25,0.0,0.0,0.0,0.0,0.25,0.0,0.0,0.22,0.23,0.27,0.24,0.22,0.22,0.23,0.24,0.0,0.0,0.22,0.0,0.0,0.29,0.25,0.25,0.0,0.3,0.0,0.0,0.0,0.0,0.0,0.0,0.0,0.0,0.24,0.29,0.0,0.0,0.0,0.0,0.0,0.3,0.0,0.22,0.0,0.0,0.0,0.53,0.36,0.41,0.34,0.29,0.29,0.33,0.28,0.27,0.25,0.27,0.22,0.31,0.22,0.0,0.0,0.36,0.87,0.36,0.0,0.0,0.0,0.0,0.0,0.0,0.0,0.0,0.0,0.0,0.0,0.0,0.0,0.0,0.0,0.0,0.0,0.0,0.0,0.0,0.0,0.0,0.0,0.0,0.0,0.0,0.0,0.0,0.0,0.0,0.0,0.0,0.0,0.0,0.0,0.0,0.0,0.0,0.0,0.0,0.0,0.0,0.0,0.0,0.0,0.0,0.0,0.0,0.0,74.85000000000001
11/02/2021,0.0,0.74,0.95,0.83,0.74,0.78,0.83,0.77,0.77,0.73,0.67,0.82,0.71,0.67,0.74,0.66,0.59,0.5,0.5,0.49,0.78,0.51,0.47,0.0,0.0,0.78,0.59,0.71,0.63,0.46,0.97,0.49,0.49,0.43,0.56,0.55,0.6,0.36,0.43,0.49,0.51,0.51,0.44,0.52,0.53,0.38,0.42,0.4,0.44,0.42,0.46,0.45,0.56,0.34,0.36,0.37,0.26,0.35,0.43,0.4,0.42,0.33,0.29,0.46,0.37,0.27,0.38,0.38,0.51,0.37,0.0,0.42,0.4,0.46,0.38,0.25,0.32,0.28,0.24,0.31,0.28,0.29,0.51,0.5,0.29,0.28,0.24,0.6,0.26,0.32,0.27,0.24,0.28,0.29,0.31,0.26,0.27,0.0,0.24,0.29,0.0,0.23,0.33,0.31,0.3,0.34,0.27,0.27,0.27,0.25,0.28,0.32,0.0,0.27,0.28,0.0,0.28,0.24,0.26,0.25,0.27,0.33,0.51,0.41,0.28,0.25,0.25,0.27,0.27,0.25,0.27,0.27,0.0,0.27,0.0,0.26,0.27,0.28,0.3,0.0,0.25,0.22,0.25,0.27,0.24,0.29,0.56,0.24,0.25,0.24,0.25,0.24,0.25,0.24,0.24,0.26,0.42,0.24,0.25,0.22,0.25,0.25,0.22,0.25,0.25,0.0,0.27,0.0,0.3,0.24,0.0,0.22,0.0,0.24,0.0,0.22,0.0,0.21,0.32,0.0,0.25,0.23,0.32,0.25,0.0,0.0,0.0,0.0,0.24,0.0,0.0,0.21,0.24,0.27,0.24,0.21,0.22,0.22,0.24,0.0,0.0,0.21,0.0,0.0,0.29,0.22,0.26,0.0,0.32,0.22,0.0,0.0,0.0,0.0,0.0,0.0,0.0,0.24,0.3,0.0,0.0,0.0,0.0,0.0,0.29,0.0,0.0,0.0,0.0,0.0,0.53,0.37,0.38,0.33,0.29,0.26,0.31,0.29,0.27,0.25,0.27,0.22,0.31,0.0,0.0,0.0,0.39,0.86,0.36,0.0,0.0,0.0,0.0,0.0,0.0,0.0,0.0,0.0,0.0,0.0,0.0,0.0,0.0,0.0,0.0,0.0,0.0,0.0,0.0,0.0,0.0,0.0,0.0,0.0,0.0,0.0,0.0,0.0,0.0,0.0,0.0,0.0,0.0,0.0,0.0,0.0,0.0,0.0,0.0,0.0,0.0,0.0,0.0,0.0,0.0,0.0,0.0,0.0,74.80000000000001
11/03/2021,0.0,0.74,0.95,0.83,0.74,0.78,0.83,0.77,0.77,0.73,0.67,0.82,0.71,0.67,0.74,0.66,0.59,0.5,0.5,0.49,0.78,0.51,0.47,0.0,0.0,0.78,0.59,0.71,0.63,0.46,0.97,0.49,0.49,0.43,0.56,0.55,0.6,0.36,0.43,0.49,0.51,0.51,0.44,0.52,0.53,0.38,0.42,0.4,0.44,0.42,0.46,0.45,0.56,0.34,0.36,0.37,0.26,0.35,0.43,0.4,0.42,0.33,0.29,0.46,0.37,0.27,0.38,0.38,0.51,0.37,0.0,0.42,0.4,0.46,0.38,0.25,0.32,0.28,0.24,0.31,0.28,0.29,0.51,0.5,0.29,0.28,0.24,0.6,0.26,0.32,0.27,0.24,0.28,0.29,0.31,0.26,0.27,0.0,0.24,0.29,0.0,0.23,0.33,0.31,0.3,0.34,0.27,0.27,0.27,0.25,0.28,0.32,0.0,0.27,0.28,0.0,0.28,0.24,0.26,0.25,0.27,0.33,0.51,0.41,0.28,0.25,0.25,0.27,0.27,0.25,0.27,0.27,0.0,0.27,0.0,0.26,0.27,0.28,0.3,0.0,0.25,0.22,0.25,0.27,0.24,0.29,0.56,0.24,0.25,0.24,0.25,0.24,0.25,0.24,0.24,0.26,0.42,0.24,0.25,0.22,0.25,0.25,0.22,0.25,0.25,0.0,0.27,0.0,0.3,0.24,0.0,0.22,0.0,0.24,0.0,0.22,0.0,0.21,0.32,0.0,0.25,0.23,0.32,0.25,0.0,0.0,0.0,0.0,0.24,0.0,0.0,0.21,0.24,0.27,0.24,0.21,0.22,0.22,0.24,0.0,0.0,0.21,0.0,0.0,0.29,0.22,0.26,0.0,0.32,0.22,0.0,0.0,0.0,0.0,0.0,0.0,0.0,0.24,0.3,0.0,0.0,0.0,0.0,0.0,0.29,0.0,0.0,0.0,0.0,0.0,0.53,0.37,0.38,0.33,0.29,0.26,0.31,0.29,0.27,0.25,0.27,0.22,0.31,0.0,0.0,0.0,0.39,0.86,0.36,0.0,0.0,0.0,0.0,0.0,0.0,0.0,0.0,0.0,0.0,0.0,0.0,0.0,0.0,0.0,0.0,0.0,0.0,0.0,0.0,0.0,0.0,0.0,0.0,0.0,0.0,0.0,0.0,0.0,0.0,0.0,0.0,0.0,0.0,0.0,0.0,0.0,0.0,0.0,0.0,0.0,0.0,0.0,0.0,0.0,0.0,0.0,0.0,0.0,74.80000000000001
11/04/2021,0.0,0.74,0.95,0.83,0.74,0.78,0.83,0.77,0.77,0.73,0.67,0.82,0.71,0.67,0.74,0.66,0.59,0.5,0.5,0.49,0.78,0.51,0.47,0.0,0.0,0.78,0.59,0.71,0.63,0.46,0.97,0.49,0.49,0.43,0.56,0.55,0.6,0.36,0.43,0.49,0.51,0.51,0.44,0.52,0.53,0.38,0.42,0.4,0.44,0.42,0.46,0.45,0.56,0.34,0.36,0.37,0.26,0.35,0.43,0.4,0.42,0.33,0.29,0.46,0.37,0.27,0.38,0.38,0.51,0.37,0.0,0.42,0.4,0.46,0.38,0.25,0.32,0.28,0.24,0.31,0.28,0.29,0.51,0.5,0.29,0.28,0.24,0.6,0.26,0.32,0.27,0.24,0.28,0.29,0.31,0.26,0.27,0.0,0.24,0.29,0.0,0.23,0.33,0.31,0.3,0.34,0.27,0.27,0.27,0.25,0.28,0.32,0.0,0.27,0.28,0.0,0.28,0.24,0.26,0.25,0.27,0.33,0.51,0.41,0.28,0.25,0.25,0.27,0.27,0.25,0.27,0.27,0.0,0.27,0.0,0.26,0.27,0.28,0.3,0.0,0.25,0.22,0.25,0.27,0.24,0.29,0.56,0.24,0.25,0.24,0.25,0.24,0.25,0.24,0.24,0.26,0.42,0.24,0.25,0.22,0.25,0.25,0.22,0.25,0.25,0.0,0.27,0.0,0.3,0.24,0.0,0.22,0.0,0.24,0.0,0.22,0.0,0.21,0.32,0.0,0.25,0.23,0.32,0.25,0.0,0.0,0.0,0.0,0.24,0.0,0.0,0.21,0.24,0.27,0.24,0.21,0.22,0.22,0.24,0.0,0.0,0.21,0.0,0.0,0.29,0.22,0.26,0.0,0.32,0.22,0.0,0.0,0.0,0.0,0.0,0.0,0.0,0.24,0.3,0.0,0.0,0.0,0.0,0.0,0.29,0.0,0.0,0.0,0.0,0.0,0.53,0.37,0.38,0.33,0.29,0.26,0.31,0.29,0.27,0.25,0.27,0.22,0.31,0.0,0.0,0.0,0.39,0.86,0.36,0.0,0.0,0.0,0.0,0.0,0.0,0.0,0.0,0.0,0.0,0.0,0.0,0.0,0.0,0.0,0.0,0.0,0.0,0.0,0.0,0.0,0.0,0.0,0.0,0.0,0.0,0.0,0.0,0.0,0.0,0.0,0.0,0.0,0.0,0.0,0.0,0.0,0.0,0.0,0.0,0.0,0.0,0.0,0.0,0.0,0.0,0.0,0.0,0.0,74.80000000000001
11/05/2021,0.0,0.76,0.94,0.84,0.75,0.76,0.82,0.8,0.82,0.69,0.65,0.82,0.71,0.65,0.62,0.67,0.57,0.49,0.51,0.49,0.76,0.51,0.48,0.0,0.0,0.78,0.56,0.72,0.62,0.45,0.98,0.49,0.53,0.45,0.5,0.56,0.62,0.36,0.43,0.53,0.5,0.52,0.46,0.6,0.53,0.37,0.42,0.4,0.44,0.41,0.45,0.45,0.55,0.34,0.34,0.36,0.26,0.35,0.44,0.39,0.42,0.32,0.29,0.46,0.36,0.27,0.37,0.38,0.59,0.35,0.0,0.41,0.39,0.45,0.37,0.26,0.33,0.27,0.24,0.32,0.28,0.3,0.49,0.51,0.27,0.29,0.25,0.59,0.26,0.31,0.28,0.24,0.27,0.28,0.31,0.26,0.27,0.0,0.24,0.29,0.0,0.23,0.3,0.31,0.29,0.32,0.27,0.27,0.27,0.24,0.28,0.3,0.0,0.28,0.28,0.0,0.26,0.23,0.26,0.25,0.26,0.33,0.5,0.4,0.28,0.24,0.24,0.27,0.27,0.24,0.26,0.27,0.0,0.28,0.0,0.25,0.26,0.28,0.29,0.0,0.25,0.22,0.24,0.29,0.24,0.28,1.13,0.24,0.24,0.24,0.25,0.24,0.24,0.24,0.23,0.26,0.41,0.24,0.24,0.22,0.25,0.25,0.23,0.24,0.24,0.21,0.26,0.0,0.3,0.24,0.21,0.22,0.0,0.23,0.0,0.22,0.0,0.22,0.31,0.0,0.25,0.24,0.33,0.24,0.0,0.0,0.0,0.0,0.24,0.0,0.0,0.21,0.25,0.25,0.23,0.0,0.21,0.21,0.24,0.0,0.0,0.0,0.0,0.0,0.28,0.22,0.25,0.0,0.31,0.22,0.0,0.0,0.0,0.0,0.0,0.0,0.0,0.22,0.3,0.0,0.0,0.0,0.0,0.0,0.29,0.0,0.0,0.0,0.0,0.0,0.53,0.41,0.38,0.32,0.28,0.26,0.31,0.29,0.26,0.25,0.26,0.22,0.31,0.0,0.0,0.0,0.37,0.84,0.36,0.0,0.0,0.0,0.0,0.0,0.0,0.0,0.0,0.0,0.0,0.0,0.0,0.0,0.0,0.0,0.0,0.0,0.0,0.0,0.0,0.0,0.0,0.0,0.0,0.0,0.0,0.0,0.0,0.0,0.0,0.0,0.0,0.0,0.0,0.0,0.0,0.0,0.0,0.0,0.0,0.0,0.0,0.0,0.0,0.0,0.0,0.0,0.0,0.0,74.88
11/08/2021,0.0,0.76,0.94,0.81,0.77,0.78,0.82,0.79,0.84,0.69,0.67,0.8,0.73,0.72,0.63,0.67,0.6,0.49,0.49,0.5,0.76,0.49,0.48,0.0,0.0,0.79,0.55,0.75,0.59,0.47,0.99,0.5,0.53,0.46,0.48,0.56,0.63,0.36,0.41,0.52,0.49,0.58,0.45,0.61,0.54,0.36,0.43,0.4,0.44,0.38,0.45,0.46,0.47,0.34,0.33,0.4,0.26,0.36,0.44,0.4,0.42,0.31,0.29,0.45,0.37,0.28,0.4,0.37,0.63,0.37,0.0,0.41,0.38,0.44,0.37,0.27,0.34,0.28,0.24,0.34,0.28,0.31,0.54,0.46,0.28,0.34,0.24,0.59,0.28,0.31,0.31,0.27,0.28,0.28,0.28,0.26,0.27,0.0,0.24,0.29,0.0,0.25,0.29,0.32,0.3,0.33,0.27,0.26,0.28,0.25,0.28,0.3,0.0,0.28,0.28,0.0,0.27,0.23,0.26,0.24,0.25,0.32,0.5,0.4,0.28,0.24,0.24,0.27,0.25,0.24,0.26,0.27,0.0,0.28,0.0,0.26,0.26,0.28,0.29,0.0,0.28,0.22,0.23,0.29,0.24,0.28,0.85,0.24,0.24,0.23,0.25,0.24,0.24,0.24,0.25,0.25,0.42,0.24,0.24,0.22,0.24,0.24,0.22,0.23,0.23,0.22,0.27,0.0,0.29,0.23,0.21,0.22,0.0,0.23,0.0,0.22,0.0,0.21,0.32,0.0,0.25,0.23,0.29,0.25,0.0,0.0,0.0,0.0,0.24,0.0,0.0,0.21,0.25,0.24,0.24,0.0,0.21,0.21,0.23,0.0,0.0,0.0,0.0,0.0,0.29,0.22,0.25,0.0,0.31,0.21,0.0,0.0,0.0,0.0,0.0,0.0,0.0,0.23,0.32,0.0,0.0,0.0,0.0,0.0,0.29,0.0,0.0,0.0,0.0,0.0,0.52,0.43,0.37,0.31,0.29,0.26,0.31,0.27,0.26,0.24,0.26,0.22,0.31,0.0,0.0,0.0,0.36,0.82,0.36,0.0,0.0,0.0,0.0,0.0,0.0,0.0,0.0,0.0,0.0,0.0,0.0,0.0,0.0,0.0,0.0,0.0,0.0,0.0,0.0,0.0,0.0,0.0,0.0,0.0,0.0,0.0,0.0,0.0,0.0,0.0,0.0,0.0,0.0,0.0,0.0,0.0,0.0,0.0,0.0,0.0,0.0,0.0,0.0,0.0,0.0,0.0,0.0,0.0,74.89000000000001
11/09/2021,0.0,0.8,0.94,0.82,0.77,0.77,0.78,0.82,0.83,0.74,0.67,0.79,0.75,0.72,0.68,0.67,0.62,0.5,0.51,0.5,0.76,0.5,0.49,0.0,0.0,0.8,0.56,0.77,0.6,0.47,0.99,0.51,0.6,0.29,0.48,0.55,0.61,0.35,0.41,0.42,0.49,0.58,0.46,0.0,0.53,0.36,0.43,0.4,0.44,0.38,0.45,0.45,0.48,0.34,0.33,0.37,0.26,0.4,0.43,0.39,0.42,0.3,0.29,0.48,0.38,0.28,0.4,0.37,0.62,0.37,0.0,0.41,0.38,0.42,0.38,0.27,0.34,0.29,0.24,0.34,0.28,0.31,0.52,0.44,0.28,0.33,0.25,0.58,0.28,0.3,0.31,0.27,0.28,0.28,0.27,0.26,0.27,0.0,0.25,0.25,0.0,0.25,0.28,0.32,0.29,0.33,0.26,0.27,0.27,0.26,0.27,0.31,0.0,0.28,0.28,0.0,0.27,0.0,0.26,0.25,0.26,0.33,0.5,0.41,0.28,0.24,0.24,0.27,0.26,0.24,0.26,0.27,0.0,0.3,0.0,0.26,0.27,0.28,0.29,0.0,0.28,0.21,0.23,0.28,0.24,0.27,0.92,0.24,0.24,0.23,0.24,0.24,0.23,0.24,0.25,0.25,0.42,0.24,0.24,0.22,0.24,0.24,0.23,0.23,0.24,0.21,0.26,0.0,0.3,0.24,0.21,0.22,0.0,0.21,0.0,0.21,0.0,0.21,0.32,0.0,0.26,0.23,0.29,0.25,0.0,0.0,0.0,0.0,0.24,0.0,0.0,0.21,0.25,0.23,0.24,0.0,0.21,0.21,0.24,0.0,0.0,0.0,0.0,0.0,0.29,0.22,0.25,0.0,0.3,0.21,0.0,0.0,0.0,0.0,0.0,0.0,0.0,0.23,0.32,0.0,0.0,0.0,0.0,0.0,0.3,0.0,0.0,0.0,0.0,0.0,0.52,0.42,0.38,0.31,0.29,0.27,0.31,0.26,0.26,0.25,0.26,0.22,0.31,0.21,0.0,0.0,0.36,0.82,0.37,0.53,0.0,0.0,0.0,0.0,0.0,0.0,0.0,0.0,0.0,0.0,0.0,0.0,0.0,0.0,0.0,0.0,0.0,0.0,0.0,0.0,0.0,0.0,0.0,0.0,0.0,0.0,0.0,0.0,0.0,0.0,0.0,0.0,0.0,0.0,0.0,0.0,0.0,0.0,0.0,0.0,0.0,0.0,0.0,0.0,0.0,0.0,0.0,0.0,74.82
11/10/2021,0.0,0.8,0.94,0.82,0.77,0.77,0.78,0.82,0.83,0.74,0.67,0.79,0.75,0.72,0.68,0.67,0.62,0.5,0.51,0.5,0.76,0.5,0.49,0.0,0.0,0.8,0.56,0.77,0.6,0.47,0.99,0.51,0.6,0.29,0.48,0.55,0.61,0.35,0.41,0.42,0.49,0.58,0.46,0.0,0.53,0.36,0.43,0.4,0.44,0.38,0.45,0.45,0.48,0.34,0.33,0.37,0.26,0.4,0.43,0.39,0.42,0.3,0.29,0.48,0.38,0.28,0.4,0.37,0.62,0.37,0.0,0.41,0.38,0.42,0.38,0.27,0.34,0.29,0.24,0.34,0.28,0.31,0.52,0.44,0.28,0.33,0.25,0.58,0.28,0.3,0.31,0.27,0.28,0.28,0.27,0.26,0.27,0.0,0.25,0.25,0.0,0.25,0.28,0.32,0.29,0.33,0.26,0.27,0.27,0.26,0.27,0.31,0.0,0.28,0.28,0.0,0.27,0.0,0.26,0.25,0.26,0.33,0.5,0.41,0.28,0.24,0.24,0.27,0.26,0.24,0.26,0.27,0.0,0.3,0.0,0.26,0.27,0.28,0.29,0.0,0.28,0.21,0.23,0.28,0.24,0.27,0.92,0.24,0.24,0.23,0.24,0.24,0.23,0.24,0.25,0.25,0.42,0.24,0.24,0.22,0.24,0.24,0.23,0.23,0.24,0.21,0.26,0.0,0.3,0.24,0.21,0.22,0.0,0.21,0.0,0.21,0.0,0.21,0.32,0.0,0.26,0.23,0.29,0.25,0.0,0.0,0.0,0.0,0.24,0.0,0.0,0.21,0.25,0.23,0.24,0.0,0.21,0.21,0.24,0.0,0.0,0.0,0.0,0.0,0.29,0.22,0.25,0.0,0.3,0.21,0.0,0.0,0.0,0.0,0.0,0.0,0.0,0.23,0.32,0.0,0.0,0.0,0.0,0.0,0.3,0.0,0.0,0.0,0.0,0.0,0.52,0.42,0.38,0.31,0.29,0.27,0.31,0.26,0.26,0.25,0.26,0.22,0.31,0.21,0.0,0.0,0.36,0.82,0.37,0.53,0.0,0.0,0.0,0.0,0.0,0.0,0.0,0.0,0.0,0.0,0.0,0.0,0.0,0.0,0.0,0.0,0.0,0.0,0.0,0.0,0.0,0.0,0.0,0.0,0.0,0.0,0.0,0.0,0.0,0.0,0.0,0.0,0.0,0.0,0.0,0.0,0.0,0.0,0.0,0.0,0.0,0.0,0.0,0.0,0.0,0.0,0.0,0.0,74.82
11/11/2021,0.0,0.8,0.94,0.82,0.77,0.77,0.78,0.82,0.83,0.74,0.67,0.79,0.75,0.72,0.68,0.67,0.62,0.5,0.51,0.5,0.76,0.5,0.49,0.0,0.0,0.8,0.56,0.77,0.6,0.47,0.99,0.51,0.6,0.29,0.48,0.55,0.61,0.35,0.41,0.42,0.49,0.58,0.46,0.0,0.53,0.36,0.43,0.4,0.44,0.38,0.45,0.45,0.48,0.34,0.33,0.37,0.26,0.4,0.43,0.39,0.42,0.3,0.29,0.48,0.38,0.28,0.4,0.37,0.62,0.37,0.0,0.41,0.38,0.42,0.38,0.27,0.34,0.29,0.24,0.34,0.28,0.31,0.52,0.44,0.28,0.33,0.25,0.58,0.28,0.3,0.31,0.27,0.28,0.28,0.27,0.26,0.27,0.0,0.25,0.25,0.0,0.25,0.28,0.32,0.29,0.33,0.26,0.27,0.27,0.26,0.27,0.31,0.0,0.28,0.28,0.0,0.27,0.0,0.26,0.25,0.26,0.33,0.5,0.41,0.28,0.24,0.24,0.27,0.26,0.24,0.26,0.27,0.0,0.3,0.0,0.26,0.27,0.28,0.29,0.0,0.28,0.21,0.23,0.28,0.24,0.27,0.92,0.24,0.24,0.23,0.24,0.24,0.23,0.24,0.25,0.25,0.42,0.24,0.24,0.22,0.24,0.24,0.23,0.23,0.24,0.21,0.26,0.0,0.3,0.24,0.21,0.22,0.0,0.21,0.0,0.21,0.0,0.21,0.32,0.0,0.26,0.23,0.29,0.25,0.0,0.0,0.0,0.0,0.24,0.0,0.0,0.21,0.25,0.23,0.24,0.0,0.21,0.21,0.24,0.0,0.0,0.0,0.0,0.0,0.29,0.22,0.25,0.0,0.3,0.21,0.0,0.0,0.0,0.0,0.0,0.0,0.0,0.23,0.32,0.0,0.0,0.0,0.0,0.0,0.3,0.0,0.0,0.0,0.0,0.0,0.52,0.42,0.38,0.31,0.29,0.27,0.31,0.26,0.26,0.25,0.26,0.22,0.31,0.21,0.0,0.0,0.36,0.82,0.37,0.53,0.0,0.0,0.0,0.0,0.0,0.0,0.0,0.0,0.0,0.0,0.0,0.0,0.0,0.0,0.0,0.0,0.0,0.0,0.0,0.0,0.0,0.0,0.0,0.0,0.0,0.0,0.0,0.0,0.0,0.0,0.0,0.0,0.0,0.0,0.0,0.0,0.0,0.0,0.0,0.0,0.0,0.0,0.0,0.0,0.0,0.0,0.0,0.0,74.82
11/12/2021,0.0,0.78,0.94,0.79,0.78,0.77,0.82,0.81,0.82,0.74,0.68,0.79,0.86,0.73,0.7,0.67,0.61,0.51,0.5,0.5,0.75,0.48,0.47,0.0,0.0,0.79,0.56,0.64,0.59,0.47,1.0,0.5,0.6,0.3,0.48,0.56,0.62,0.35,0.41,0.45,0.49,0.59,0.46,0.0,0.54,0.36,0.43,0.4,0.44,0.38,0.45,0.45,0.46,0.34,0.34,0.37,0.25,0.4,0.43,0.38,0.42,0.32,0.29,0.47,0.37,0.28,0.41,0.38,0.63,0.36,0.0,0.4,0.38,0.42,0.38,0.27,0.34,0.29,0.23,0.35,0.27,0.31,0.53,0.45,0.28,0.33,0.25,0.57,0.28,0.31,0.31,0.27,0.29,0.28,0.27,0.26,0.27,0.0,0.25,0.26,0.0,0.24,0.28,0.32,0.29,0.32,0.26,0.27,0.28,0.25,0.27,0.31,0.0,0.28,0.28,0.0,0.26,0.21,0.26,0.24,0.25,0.33,0.5,0.4,0.28,0.24,0.24,0.27,0.26,0.25,0.28,0.27,0.0,0.3,0.0,0.26,0.27,0.28,0.29,0.0,0.28,0.21,0.23,0.28,0.23,0.28,0.91,0.24,0.23,0.23,0.24,0.24,0.23,0.23,0.24,0.25,0.42,0.24,0.24,0.21,0.24,0.24,0.24,0.23,0.23,0.21,0.25,0.0,0.31,0.23,0.22,0.22,0.0,0.22,0.0,0.21,0.0,0.21,0.33,0.0,0.26,0.23,0.29,0.24,0.0,0.0,0.0,0.0,0.24,0.0,0.0,0.21,0.25,0.24,0.24,0.0,0.22,0.21,0.24,0.0,0.0,0.0,0.0,0.0,0.29,0.22,0.25,0.0,0.29,0.21,0.0,0.0,0.0,0.0,0.0,0.0,0.0,0.23,0.31,0.0,0.0,0.0,0.0,0.0,0.29,0.0,0.0,0.0,0.0,0.0,0.54,0.43,0.37,0.31,0.28,0.26,0.31,0.27,0.26,0.24,0.25,0.22,0.34,0.0,0.0,0.0,0.36,0.84,0.36,0.52,0.0,0.0,0.0,0.0,0.0,0.0,0.0,0.0,0.0,0.0,0.0,0.0,0.0,0.0,0.0,0.0,0.0,0.0,0.0,0.0,0.0,0.0,0.0,0.0,0.0,0.0,0.0,0.0,0.0,0.0,0.0,0.0,0.0,0.0,0.0,0.0,0.0,0.0,0.0,0.0,0.0,0.0,0.0,0.0,0.0,0.0,0.0,0.0,74.77
11/15/2021,0.0,0.78,0.94,0.79,0.78,0.77,0.82,0.81,0.82,0.74,0.68,0.79,0.86,0.73,0.7,0.67,0.61,0.51,0.5,0.5,0.75,0.48,0.47,0.0,0.0,0.79,0.56,0.64,0.59,0.47,1.0,0.5,0.6,0.3,0.48,0.56,0.62,0.35,0.41,0.45,0.49,0.59,0.46,0.0,0.54,0.36,0.43,0.4,0.44,0.38,0.45,0.45,0.46,0.34,0.34,0.37,0.25,0.4,0.43,0.38,0.42,0.32,0.29,0.47,0.37,0.28,0.41,0.38,0.63,0.36,0.0,0.4,0.38,0.42,0.38,0.27,0.34,0.29,0.23,0.35,0.27,0.31,0.53,0.45,0.28,0.33,0.25,0.57,0.28,0.31,0.31,0.27,0.29,0.28,0.27,0.26,0.27,0.0,0.25,0.26,0.0,0.24,0.28,0.32,0.29,0.32,0.26,0.27,0.28,0.25,0.27,0.31,0.0,0.28,0.28,0.0,0.26,0.21,0.26,0.24,0.25,0.33,0.5,0.4,0.28,0.24,0.24,0.27,0.26,0.25,0.28,0.27,0.0,0.3,0.0,0.26,0.27,0.28,0.29,0.0,0.28,0.21,0.23,0.28,0.23,0.28,0.91,0.24,0.23,0.23,0.24,0.24,0.23,0.23,0.24,0.25,0.42,0.24,0.24,0.21,0.24,0.24,0.24,0.23,0.23,0.21,0.25,0.0,0.31,0.23,0.22,0.22,0.0,0.22,0.0,0.21,0.0,0.21,0.33,0.0,0.26,0.23,0.29,0.24,0.0,0.0,0.0,0.0,0.24,0.0,0.0,0.21,0.25,0.24,0.24,0.0,0.22,0.21,0.24,0.0,0.0,0.0,0.0,0.0,0.29,0.22,0.25,0.0,0.29,0.21,0.0,0.0,0.0,0.0,0.0,0.0,0.0,0.23,0.31,0.0,0.0,0.0,0.0,0.0,0.29,0.0,0.0,0.0,0.0,0.0,0.54,0.43,0.37,0.31,0.28,0.26,0.31,0.27,0.26,0.24,0.25,0.22,0.34,0.0,0.0,0.0,0.36,0.84,0.36,0.52,0.0,0.0,0.0,0.0,0.0,0.0,0.0,0.0,0.0,0.0,0.0,0.0,0.0,0.0,0.0,0.0,0.0,0.0,0.0,0.0,0.0,0.0,0.0,0.0,0.0,0.0,0.0,0.0,0.0,0.0,0.0,0.0,0.0,0.0,0.0,0.0,0.0,0.0,0.0,0.0,0.0,0.0,0.0,0.0,0.0,0.0,0.0,0.0,74.77
11/16/2021,0.0,0.78,0.94,0.79,0.78,0.77,0.82,0.81,0.82,0.74,0.68,0.79,0.86,0.73,0.7,0.67,0.61,0.51,0.5,0.5,0.75,0.48,0.47,0.0,0.0,0.79,0.56,0.64,0.59,0.47,1.0,0.5,0.6,0.3,0.48,0.56,0.62,0.35,0.41,0.45,0.49,0.59,0.46,0.0,0.54,0.36,0.43,0.4,0.44,0.38,0.45,0.45,0.46,0.34,0.34,0.37,0.25,0.4,0.43,0.38,0.42,0.32,0.29,0.47,0.37,0.28,0.41,0.38,0.63,0.36,0.0,0.4,0.38,0.42,0.38,0.27,0.34,0.29,0.23,0.35,0.27,0.31,0.53,0.45,0.28,0.33,0.25,0.57,0.28,0.31,0.31,0.27,0.29,0.28,0.27,0.26,0.27,0.0,0.25,0.26,0.0,0.24,0.28,0.32,0.29,0.32,0.26,0.27,0.28,0.25,0.27,0.31,0.0,0.28,0.28,0.0,0.26,0.21,0.26,0.24,0.25,0.33,0.5,0.4,0.28,0.24,0.24,0.27,0.26,0.25,0.28,0.27,0.0,0.3,0.0,0.26,0.27,0.28,0.29,0.0,0.28,0.21,0.23,0.28,0.23,0.28,0.91,0.24,0.23,0.23,0.24,0.24,0.23,0.23,0.24,0.25,0.42,0.24,0.24,0.21,0.24,0.24,0.24,0.23,0.23,0.21,0.25,0.0,0.31,0.23,0.22,0.22,0.0,0.22,0.0,0.21,0.0,0.21,0.33,0.0,0.26,0.23,0.29,0.24,0.0,0.0,0.0,0.0,0.24,0.0,0.0,0.21,0.25,0.24,0.24,0.0,0.22,0.21,0.24,0.0,0.0,0.0,0.0,0.0,0.29,0.22,0.25,0.0,0.29,0.21,0.0,0.0,0.0,0.0,0.0,0.0,0.0,0.23,0.31,0.0,0.0,0.0,0.0,0.0,0.29,0.0,0.0,0.0,0.0,0.0,0.54,0.43,0.37,0.31,0.28,0.26,0.31,0.27,0.26,0.24,0.25,0.22,0.34,0.0,0.0,0.0,0.36,0.84,0.36,0.52,0.0,0.0,0.0,0.0,0.0,0.0,0.0,0.0,0.0,0.0,0.0,0.0,0.0,0.0,0.0,0.0,0.0,0.0,0.0,0.0,0.0,0.0,0.0,0.0,0.0,0.0,0.0,0.0,0.0,0.0,0.0,0.0,0.0,0.0,0.0,0.0,0.0,0.0,0.0,0.0,0.0,0.0,0.0,0.0,0.0,0.0,0.0,0.0,74.77
11/17/2021,0.0,0.78,0.94,0.79,0.78,0.77,0.82,0.81,0.82,0.74,0.68,0.79,0.86,0.73,0.7,0.67,0.61,0.51,0.5,0.5,0.75,0.48,0.47,0.0,0.0,0.79,0.56,0.64,0.59,0.47,1.0,0.5,0.6,0.3,0.48,0.56,0.62,0.35,0.41,0.45,0.49,0.59,0.46,0.0,0.54,0.36,0.43,0.4,0.44,0.38,0.45,0.45,0.46,0.34,0.34,0.37,0.25,0.4,0.43,0.38,0.42,0.32,0.29,0.47,0.37,0.28,0.41,0.38,0.63,0.36,0.0,0.4,0.38,0.42,0.38,0.27,0.34,0.29,0.23,0.35,0.27,0.31,0.53,0.45,0.28,0.33,0.25,0.57,0.28,0.31,0.31,0.27,0.29,0.28,0.27,0.26,0.27,0.0,0.25,0.26,0.0,0.24,0.28,0.32,0.29,0.32,0.26,0.27,0.28,0.25,0.27,0.31,0.0,0.28,0.28,0.0,0.26,0.21,0.26,0.24,0.25,0.33,0.5,0.4,0.28,0.24,0.24,0.27,0.26,0.25,0.28,0.27,0.0,0.3,0.0,0.26,0.27,0.28,0.29,0.0,0.28,0.21,0.23,0.28,0.23,0.28,0.91,0.24,0.23,0.23,0.24,0.24,0.23,0.23,0.24,0.25,0.42,0.24,0.24,0.21,0.24,0.24,0.24,0.23,0.23,0.21,0.25,0.0,0.31,0.23,0.22,0.22,0.0,0.22,0.0,0.21,0.0,0.21,0.33,0.0,0.26,0.23,0.29,0.24,0.0,0.0,0.0,0.0,0.24,0.0,0.0,0.21,0.25,0.24,0.24,0.0,0.22,0.21,0.24,0.0,0.0,0.0,0.0,0.0,0.29,0.22,0.25,0.0,0.29,0.21,0.0,0.0,0.0,0.0,0.0,0.0,0.0,0.23,0.31,0.0,0.0,0.0,0.0,0.0,0.29,0.0,0.0,0.0,0.0,0.0,0.54,0.43,0.37,0.31,0.28,0.26,0.31,0.27,0.26,0.24,0.25,0.22,0.34,0.0,0.0,0.0,0.36,0.84,0.36,0.52,0.0,0.0,0.0,0.0,0.0,0.0,0.0,0.0,0.0,0.0,0.0,0.0,0.0,0.0,0.0,0.0,0.0,0.0,0.0,0.0,0.0,0.0,0.0,0.0,0.0,0.0,0.0,0.0,0.0,0.0,0.0,0.0,0.0,0.0,0.0,0.0,0.0,0.0,0.0,0.0,0.0,0.0,0.0,0.0,0.0,0.0,0.0,0.0,74.77
11/18/2021,0.0,0.79,0.87,0.72,0.83,0.79,0.79,0.82,0.84,0.66,0.71,0.83,0.88,0.77,0.64,0.67,0.64,0.51,0.5,0.49,0.76,0.48,0.47,0.0,0.0,0.83,0.57,0.62,0.59,0.48,0.93,0.5,0.61,0.32,0.45,0.56,0.63,0.34,0.41,0.42,0.51,0.58,0.48,0.0,0.54,0.35,0.44,0.39,0.41,0.39,0.46,0.44,0.45,0.31,0.34,0.37,0.31,0.39,0.43,0.38,0.43,0.3,0.3,0.47,0.37,0.29,0.4,0.36,0.57,0.41,0.0,0.41,0.37,0.4,0.37,0.28,0.35,0.29,0.22,0.35,0.26,0.32,0.5,0.43,0.28,0.32,0.24,0.57,0.29,0.32,0.31,0.27,0.3,0.29,0.26,0.27,0.27,0.0,0.25,0.26,0.0,0.25,0.28,0.32,0.3,0.34,0.28,0.28,0.28,0.27,0.27,0.32,0.21,0.25,0.29,0.0,0.27,0.25,0.26,0.24,0.26,0.34,0.46,0.41,0.29,0.25,0.25,0.28,0.26,0.25,0.26,0.27,0.0,0.29,0.0,0.26,0.27,0.28,0.3,0.0,0.29,0.21,0.24,0.28,0.24,0.29,0.83,0.24,0.23,0.23,0.24,0.24,0.23,0.23,0.24,0.25,0.42,0.24,0.25,0.22,0.24,0.24,0.24,0.22,0.24,0.22,0.25,0.0,0.29,0.23,0.22,0.0,0.0,0.22,0.0,0.21,0.0,0.22,0.34,0.0,0.26,0.23,0.29,0.25,0.0,0.0,0.21,0.0,0.25,0.0,0.0,0.0,0.26,0.24,0.24,0.0,0.0,0.22,0.24,0.0,0.0,0.0,0.0,0.0,0.29,0.23,0.23,0.0,0.3,0.21,0.0,0.0,0.0,0.0,0.0,0.0,0.0,0.23,0.32,0.21,0.0,0.0,0.0,0.0,0.29,0.0,0.0,0.0,0.0,0.0,0.49,0.4,0.38,0.33,0.29,0.26,0.29,0.28,0.25,0.25,0.26,0.22,0.34,0.0,0.0,0.0,0.36,0.83,0.37,0.45,0.0,0.0,0.0,0.0,0.0,0.0,0.0,0.0,0.0,0.0,0.0,0.0,0.0,0.0,0.0,0.0,0.0,0.0,0.0,0.0,0.0,0.0,0.0,0.0,0.0,0.0,0.0,0.0,0.0,0.0,0.0,0.0,0.0,0.0,0.0,0.0,0.0,0.0,0.0,0.0,0.0,0.0,0.0,0.0,0.0,0.0,0.0,0.0,74.65
11/19/2021,0.0,0.78,0.86,0.71,0.86,0.79,0.79,0.8,0.84,0.67,0.7,0.87,0.89,0.75,0.63,0.68,0.66,0.52,0.49,0.49,0.76,0.48,0.46,0.0,0.0,0.83,0.58,0.62,0.6,0.48,0.92,0.5,0.63,0.33,0.45,0.55,0.64,0.33,0.41,0.42,0.51,0.59,0.47,0.0,0.53,0.34,0.45,0.39,0.4,0.39,0.48,0.44,0.45,0.3,0.33,0.37,0.31,0.41,0.44,0.37,0.42,0.31,0.3,0.48,0.37,0.28,0.4,0.36,0.51,0.4,0.0,0.41,0.37,0.4,0.37,0.28,0.34,0.3,0.21,0.35,0.26,0.33,0.51,0.44,0.28,0.33,0.25,0.56,0.29,0.31,0.31,0.25,0.29,0.29,0.27,0.27,0.27,0.0,0.25,0.26,0.0,0.25,0.28,0.32,0.3,0.34,0.28,0.27,0.29,0.27,0.28,0.32,0.0,0.26,0.29,0.0,0.27,0.25,0.26,0.24,0.27,0.34,0.46,0.42,0.28,0.25,0.25,0.28,0.26,0.25,0.26,0.27,0.0,0.29,0.0,0.26,0.27,0.28,0.3,0.0,0.29,0.21,0.24,0.28,0.24,0.29,0.85,0.24,0.24,0.24,0.24,0.24,0.24,0.23,0.24,0.25,0.42,0.24,0.25,0.22,0.24,0.24,0.24,0.22,0.24,0.22,0.25,0.0,0.29,0.23,0.22,0.21,0.0,0.22,0.0,0.22,0.0,0.22,0.34,0.0,0.26,0.24,0.29,0.25,0.21,0.0,0.21,0.0,0.25,0.0,0.0,0.0,0.25,0.24,0.24,0.0,0.0,0.22,0.24,0.0,0.0,0.0,0.0,0.0,0.29,0.24,0.23,0.0,0.3,0.0,0.0,0.0,0.0,0.0,0.0,0.0,0.0,0.23,0.33,0.21,0.0,0.0,0.0,0.0,0.29,0.0,0.0,0.0,0.0,0.0,0.48,0.41,0.38,0.33,0.28,0.25,0.28,0.28,0.25,0.25,0.26,0.22,0.35,0.0,0.0,0.0,0.35,0.82,0.38,0.44,0.0,0.0,0.0,0.0,0.0,0.0,0.0,0.0,0.0,0.0,0.0,0.0,0.0,0.0,0.0,0.0,0.0,0.0,0.0,0.0,0.0,0.0,0.0,0.0,0.0,0.0,0.0,0.0,0.0,0.0,0.0,0.0,0.0,0.0,0.0,0.0,0.0,0.0,0.0,0.0,0.0,0.0,0.0,0.0,0.0,0.0,0.0,0.0,74.7
11/22/2021,0.0,0.77,0.89,0.69,0.86,0.79,0.81,0.79,0.85,0.65,0.71,0.86,0.86,0.75,0.61,0.69,0.65,0.52,0.49,0.49,0.76,0.48,0.46,0.0,0.0,0.83,0.57,0.6,0.59,0.47,0.97,0.5,0.63,0.35,0.45,0.55,0.65,0.33,0.41,0.41,0.51,0.6,0.47,0.0,0.54,0.34,0.44,0.39,0.4,0.39,0.48,0.44,0.45,0.3,0.34,0.37,0.31,0.41,0.44,0.38,0.42,0.3,0.29,0.47,0.37,0.29,0.39,0.36,0.49,0.4,0.0,0.41,0.36,0.4,0.36,0.28,0.35,0.3,0.22,0.35,0.27,0.33,0.53,0.45,0.29,0.33,0.25,0.58,0.3,0.3,0.31,0.26,0.3,0.29,0.27,0.27,0.28,0.0,0.25,0.26,0.0,0.24,0.29,0.33,0.3,0.35,0.28,0.27,0.29,0.27,0.28,0.33,0.0,0.27,0.29,0.0,0.27,0.26,0.26,0.24,0.27,0.35,0.44,0.41,0.29,0.25,0.24,0.28,0.26,0.25,0.27,0.27,0.0,0.28,0.0,0.26,0.27,0.27,0.3,0.0,0.29,0.21,0.24,0.28,0.23,0.28,0.88,0.24,0.24,0.24,0.24,0.24,0.23,0.23,0.24,0.25,0.42,0.24,0.25,0.21,0.24,0.25,0.24,0.23,0.24,0.22,0.26,0.0,0.29,0.23,0.22,0.0,0.0,0.22,0.0,0.21,0.0,0.22,0.34,0.0,0.26,0.24,0.3,0.25,0.21,0.0,0.21,0.0,0.25,0.0,0.0,0.0,0.26,0.24,0.24,0.0,0.21,0.21,0.24,0.0,0.0,0.0,0.0,0.0,0.29,0.24,0.22,0.0,0.3,0.0,0.0,0.0,0.0,0.0,0.0,0.0,0.0,0.23,0.34,0.21,0.0,0.0,0.0,0.0,0.29,0.0,0.0,0.0,0.0,0.0,0.49,0.41,0.37,0.33,0.29,0.26,0.29,0.29,0.25,0.25,0.26,0.22,0.35,0.0,0.0,0.0,0.35,0.81,0.37,0.43,0.0,0.0,0.0,0.0,0.0,0.0,0.0,0.0,0.0,0.0,0.0,0.0,0.0,0.0,0.0,0.0,0.0,0.0,0.0,0.0,0.0,0.0,0.0,0.0,0.0,0.0,0.0,0.0,0.0,0.0,0.0,0.0,0.0,0.0,0.0,0.0,0.0,0.0,0.0,0.0,0.0,0.0,0.0,0.0,0.0,0.0,0.0,0.0,74.8
11/23/2021,0.0,0.77,0.89,0.69,0.86,0.79,0.81,0.79,0.85,0.65,0.71,0.86,0.86,0.75,0.61,0.69,0.65,0.52,0.49,0.49,0.76,0.48,0.46,0.0,0.0,0.83,0.57,0.6,0.59,0.47,0.97,0.5,0.63,0.35,0.45,0.55,0.65,0.33,0.41,0.41,0.51,0.6,0.47,0.0,0.54,0.34,0.44,0.39,0.4,0.39,0.48,0.44,0.45,0.3,0.34,0.37,0.31,0.41,0.44,0.38,0.42,0.3,0.29,0.47,0.37,0.29,0.39,0.36,0.49,0.4,0.0,0.41,0.36,0.4,0.36,0.28,0.35,0.3,0.22,0.35,0.27,0.33,0.53,0.45,0.29,0.33,0.25,0.58,0.3,0.3,0.31,0.26,0.3,0.29,0.27,0.27,0.28,0.0,0.25,0.26,0.0,0.24,0.29,0.33,0.3,0.35,0.28,0.27,0.29,0.27,0.28,0.33,0.0,0.27,0.29,0.0,0.27,0.26,0.26,0.24,0.27,0.35,0.44,0.41,0.29,0.25,0.24,0.28,0.26,0.25,0.27,0.27,0.0,0.28,0.0,0.26,0.27,0.27,0.3,0.0,0.29,0.21,0.24,0.28,0.23,0.28,0.88,0.24,0.24,0.24,0.24,0.24,0.23,0.23,0.24,0.25,0.42,0.24,0.25,0.21,0.24,0.25,0.24,0.23,0.24,0.22,0.26,0.0,0.29,0.23,0.22,0.0,0.0,0.22,0.0,0.21,0.0,0.22,0.34,0.0,0.26,0.24,0.3,0.25,0.21,0.0,0.21,0.0,0.25,0.0,0.0,0.0,0.26,0.24,0.24,0.0,0.21,0.21,0.24,0.0,0.0,0.0,0.0,0.0,0.29,0.24,0.22,0.0,0.3,0.0,0.0,0.0,0.0,0.0,0.0,0.0,0.0,0.23,0.34,0.21,0.0,0.0,0.0,0.0,0.29,0.0,0.0,0.0,0.0,0.0,0.49,0.41,0.37,0.33,0.29,0.26,0.29,0.29,0.25,0.25,0.26,0.22,0.35,0.0,0.0,0.0,0.35,0.81,0.37,0.43,0.0,0.0,0.0,0.0,0.0,0.0,0.0,0.0,0.0,0.0,0.0,0.0,0.0,0.0,0.0,0.0,0.0,0.0,0.0,0.0,0.0,0.0,0.0,0.0,0.0,0.0,0.0,0.0,0.0,0.0,0.0,0.0,0.0,0.0,0.0,0.0,0.0,0.0,0.0,0.0,0.0,0.0,0.0,0.0,0.0,0.0,0.0,0.0,74.8
11/24/2021,0.0,0.8,0.92,0.69,0.87,0.81,0.77,0.77,0.85,0.63,0.72,0.88,0.85,0.74,0.58,0.68,0.67,0.52,0.49,0.48,0.77,0.5,0.43,0.0,0.0,0.83,0.58,0.57,0.61,0.48,0.98,0.49,0.68,0.35,0.45,0.54,0.64,0.33,0.43,0.37,0.48,0.6,0.46,0.0,0.56,0.34,0.43,0.39,0.4,0.38,0.48,0.45,0.46,0.28,0.36,0.38,0.32,0.4,0.45,0.37,0.42,0.29,0.33,0.48,0.37,0.29,0.4,0.37,0.55,0.39,0.0,0.41,0.36,0.38,0.37,0.28,0.34,0.32,0.0,0.35,0.28,0.33,0.54,0.48,0.29,0.33,0.24,0.59,0.27,0.3,0.31,0.26,0.29,0.29,0.26,0.28,0.25,0.0,0.24,0.26,0.0,0.25,0.27,0.33,0.29,0.32,0.28,0.26,0.3,0.27,0.28,0.33,0.0,0.26,0.3,0.0,0.27,0.27,0.27,0.24,0.26,0.36,0.45,0.4,0.3,0.24,0.23,0.28,0.27,0.24,0.25,0.27,0.0,0.28,0.0,0.26,0.27,0.27,0.31,0.0,0.29,0.22,0.24,0.27,0.23,0.29,0.91,0.24,0.25,0.24,0.24,0.24,0.24,0.23,0.25,0.24,0.42,0.25,0.25,0.21,0.24,0.24,0.25,0.22,0.24,0.21,0.25,0.0,0.28,0.23,0.22,0.21,0.0,0.0,0.0,0.22,0.0,0.21,0.34,0.0,0.26,0.24,0.31,0.25,0.0,0.0,0.0,0.0,0.25,0.0,0.21,0.21,0.26,0.24,0.24,0.0,0.0,0.22,0.24,0.21,0.0,0.0,0.0,0.0,0.29,0.23,0.22,0.0,0.31,0.0,0.0,0.0,0.0,0.0,0.0,0.0,0.0,0.25,0.34,0.21,0.0,0.21,0.0,0.0,0.28,0.0,0.0,0.0,0.0,0.0,0.47,0.46,0.37,0.3,0.29,0.25,0.26,0.29,0.26,0.25,0.25,0.22,0.37,0.0,0.0,0.0,0.34,0.79,0.37,0.41,0.0,0.0,0.0,0.0,0.0,0.0,0.0,0.0,0.0,0.0,0.0,0.0,0.0,0.0,0.0,0.0,0.0,0.0,0.0,0.0,0.0,0.0,0.0,0.0,0.0,0.0,0.0,0.0,0.0,0.0,0.0,0.0,0.0,0.0,0.0,0.0,0.0,0.0,0.0,0.0,0.0,0.0,0.0,0.0,0.0,0.0,0.0,0.0,74.80000000000001
11/25/2021,0.0,0.8,0.92,0.69,0.87,0.81,0.77,0.77,0.85,0.63,0.72,0.88,0.85,0.74,0.58,0.68,0.67,0.52,0.49,0.48,0.77,0.5,0.43,0.0,0.0,0.83,0.58,0.57,0.61,0.48,0.98,0.49,0.68,0.35,0.45,0.54,0.64,0.33,0.43,0.37,0.48,0.6,0.46,0.0,0.56,0.34,0.43,0.39,0.4,0.38,0.48,0.45,0.46,0.28,0.36,0.38,0.32,0.4,0.45,0.37,0.42,0.29,0.33,0.48,0.37,0.29,0.4,0.37,0.55,0.39,0.0,0.41,0.36,0.38,0.37,0.28,0.34,0.32,0.0,0.35,0.28,0.33,0.54,0.48,0.29,0.33,0.24,0.59,0.27,0.3,0.31,0.26,0.29,0.29,0.26,0.28,0.25,0.0,0.24,0.26,0.0,0.25,0.27,0.33,0.29,0.32,0.28,0.26,0.3,0.27,0.28,0.33,0.0,0.26,0.3,0.0,0.27,0.27,0.27,0.24,0.26,0.36,0.45,0.4,0.3,0.24,0.23,0.28,0.27,0.24,0.25,0.27,0.0,0.28,0.0,0.26,0.27,0.27,0.31,0.0,0.29,0.22,0.24,0.27,0.23,0.29,0.91,0.24,0.25,0.24,0.24,0.24,0.24,0.23,0.25,0.24,0.42,0.25,0.25,0.21,0.24,0.24,0.25,0.22,0.24,0.21,0.25,0.0,0.28,0.23,0.22,0.21,0.0,0.0,0.0,0.22,0.0,0.21,0.34,0.0,0.26,0.24,0.31,0.25,0.0,0.0,0.0,0.0,0.25,0.0,0.21,0.21,0.26,0.24,0.24,0.0,0.0,0.22,0.24,0.21,0.0,0.0,0.0,0.0,0.29,0.23,0.22,0.0,0.31,0.0,0.0,0.0,0.0,0.0,0.0,0.0,0.0,0.25,0.34,0.21,0.0,0.21,0.0,0.0,0.28,0.0,0.0,0.0,0.0,0.0,0.47,0.46,0.37,0.3,0.29,0.25,0.26,0.29,0.26,0.25,0.25,0.22,0.37,0.0,0.0,0.0,0.34,0.79,0.37,0.41,0.0,0.0,0.0,0.0,0.0,0.0,0.0,0.0,0.0,0.0,0.0,0.0,0.0,0.0,0.0,0.0,0.0,0.0,0.0,0.0,0.0,0.0,0.0,0.0,0.0,0.0,0.0,0.0,0.0,0.0,0.0,0.0,0.0,0.0,0.0,0.0,0.0,0.0,0.0,0.0,0.0,0.0,0.0,0.0,0.0,0.0,0.0,0.0,74.80000000000001
11/26/2021,0.0,0.79,0.93,0.67,0.87,0.8,0.76,0.81,0.84,0.61,0.73,0.88,0.84,0.73,0.55,0.7,0.67,0.53,0.48,0.47,0.77,0.5,0.43,0.0,0.0,0.81,0.58,0.56,0.61,0.48,0.95,0.49,0.67,0.38,0.46,0.56,0.62,0.34,0.42,0.36,0.48,0.57,0.49,0.0,0.54,0.34,0.44,0.4,0.39,0.4,0.49,0.46,0.44,0.28,0.34,0.38,0.33,0.41,0.46,0.37,0.43,0.28,0.33,0.48,0.36,0.29,0.37,0.37,0.55,0.38,0.0,0.4,0.36,0.38,0.35,0.3,0.33,0.33,0.0,0.34,0.27,0.31,0.53,0.46,0.29,0.33,0.24,0.55,0.28,0.28,0.31,0.26,0.29,0.29,0.26,0.27,0.25,0.0,0.23,0.25,0.0,0.24,0.27,0.33,0.3,0.35,0.27,0.27,0.29,0.27,0.28,0.34,0.0,0.26,0.3,0.0,0.28,0.24,0.27,0.25,0.27,0.36,0.46,0.41,0.3,0.25,0.24,0.28,0.26,0.24,0.23,0.28,0.0,0.27,0.0,0.26,0.27,0.28,0.31,0.0,0.29,0.22,0.24,0.28,0.24,0.28,0.97,0.24,0.25,0.24,0.24,0.24,0.24,0.23,0.26,0.25,0.42,0.25,0.25,0.22,0.24,0.25,0.26,0.23,0.24,0.21,0.25,0.0,0.31,0.23,0.22,0.0,0.0,0.21,0.0,0.21,0.0,0.22,0.35,0.0,0.26,0.24,0.31,0.25,0.0,0.0,0.0,0.0,0.26,0.0,0.21,0.0,0.25,0.24,0.24,0.0,0.21,0.22,0.25,0.0,0.0,0.21,0.0,0.0,0.3,0.23,0.22,0.0,0.31,0.0,0.0,0.0,0.0,0.0,0.0,0.0,0.0,0.26,0.33,0.22,0.0,0.0,0.0,0.0,0.29,0.0,0.0,0.0,0.0,0.0,0.45,0.43,0.38,0.32,0.29,0.25,0.28,0.27,0.26,0.26,0.26,0.22,0.37,0.0,0.0,0.0,0.33,0.76,0.39,0.38,0.21,0.0,0.0,0.0,0.0,0.0,0.0,0.0,0.0,0.0,0.0,0.0,0.0,0.0,0.0,0.0,0.0,0.0,0.0,0.0,0.0,0.0,0.0,0.0,0.0,0.0,0.0,0.0,0.0,0.0,0.0,0.0,0.0,0.0,0.0,0.0,0.0,0.0,0.0,0.0,0.0,0.0,0.0,0.0,0.0,0.0,0.0,0.0,74.72000000000001
11/29/2021,0.0,0.78,0.89,0.67,0.87,0.8,0.75,0.82,0.85,0.61,0.72,0.88,0.85,0.73,0.58,0.71,0.66,0.52,0.48,0.47,0.78,0.5,0.43,0.0,0.0,0.82,0.59,0.57,0.61,0.48,0.95,0.49,0.68,0.38,0.46,0.55,0.62,0.34,0.43,0.37,0.48,0.57,0.49,0.0,0.54,0.34,0.44,0.39,0.39,0.39,0.49,0.46,0.44,0.28,0.34,0.39,0.33,0.41,0.47,0.37,0.43,0.29,0.33,0.48,0.36,0.29,0.37,0.37,0.58,0.37,0.0,0.4,0.36,0.39,0.34,0.29,0.34,0.33,0.0,0.24,0.28,0.3,0.53,0.46,0.29,0.33,0.24,0.56,0.27,0.27,0.3,0.26,0.29,0.29,0.26,0.28,0.24,0.0,0.22,0.25,0.0,0.24,0.27,0.32,0.3,0.34,0.27,0.27,0.28,0.27,0.28,0.33,0.0,0.26,0.3,0.0,0.28,0.23,0.27,0.24,0.27,0.35,0.47,0.41,0.3,0.25,0.24,0.28,0.26,0.24,0.23,0.28,0.0,0.28,0.0,0.26,0.27,0.28,0.31,0.0,0.29,0.22,0.24,0.27,0.24,0.28,0.99,0.24,0.25,0.24,0.25,0.24,0.24,0.23,0.26,0.24,0.42,0.25,0.26,0.22,0.24,0.24,0.25,0.23,0.24,0.22,0.26,0.0,0.3,0.23,0.22,0.0,0.0,0.21,0.0,0.22,0.0,0.22,0.35,0.0,0.26,0.24,0.31,0.25,0.21,0.0,0.0,0.0,0.25,0.0,0.0,0.21,0.25,0.24,0.24,0.0,0.22,0.22,0.25,0.0,0.0,0.0,0.0,0.0,0.29,0.23,0.22,0.0,0.31,0.0,0.0,0.0,0.0,0.0,0.0,0.0,0.0,0.25,0.33,0.22,0.0,0.0,0.0,0.0,0.28,0.0,0.0,0.0,0.0,0.0,0.45,0.42,0.37,0.33,0.29,0.25,0.28,0.27,0.26,0.26,0.26,0.23,0.38,0.0,0.0,0.0,0.34,0.77,0.38,0.38,0.21,0.0,0.0,0.0,0.0,0.0,0.0,0.0,0.0,0.0,0.0,0.0,0.0,0.0,0.0,0.0,0.0,0.0,0.0,0.0,0.0,0.0,0.0,0.0,0.0,0.0,0.0,0.0,0.0,0.0,0.0,0.0,0.0,0.0,0.0,0.0,0.0,0.0,0.0,0.0,0.0,0.0,0.0,0.0,0.0,0.0,0.0,0.0,74.62
11/30/2021,0.0,0.78,0.89,0.67,0.87,0.8,0.75,0.82,0.85,0.61,0.72,0.88,0.85,0.73,0.58,0.71,0.66,0.52,0.48,0.47,0.78,0.5,0.43,0.0,0.0,0.82,0.59,0.57,0.61,0.48,0.95,0.49,0.68,0.38,0.46,0.55,0.62,0.34,0.43,0.37,0.48,0.57,0.49,0.0,0.54,0.34,0.44,0.39,0.39,0.39,0.49,0.46,0.44,0.28,0.34,0.39,0.33,0.41,0.47,0.37,0.43,0.29,0.33,0.48,0.36,0.29,0.37,0.37,0.58,0.37,0.0,0.4,0.36,0.39,0.34,0.29,0.34,0.33,0.0,0.24,0.28,0.3,0.53,0.46,0.29,0.33,0.24,0.56,0.27,0.27,0.3,0.26,0.29,0.29,0.26,0.28,0.24,0.0,0.22,0.25,0.0,0.24,0.27,0.32,0.3,0.34,0.27,0.27,0.28,0.27,0.28,0.33,0.0,0.26,0.3,0.0,0.28,0.23,0.27,0.24,0.27,0.35,0.47,0.41,0.3,0.25,0.24,0.28,0.26,0.24,0.23,0.28,0.0,0.28,0.0,0.26,0.27,0.28,0.31,0.0,0.29,0.22,0.24,0.27,0.24,0.28,0.99,0.24,0.25,0.24,0.25,0.24,0.24,0.23,0.26,0.24,0.42,0.25,0.26,0.22,0.24,0.24,0.25,0.23,0.24,0.22,0.26,0.0,0.3,0.23,0.22,0.0,0.0,0.21,0.0,0.22,0.0,0.22,0.35,0.0,0.26,0.24,0.31,0.25,0.21,0.0,0.0,0.0,0.25,0.0,0.0,0.21,0.25,0.24,0.24,0.0,0.22,0.22,0.25,0.0,0.0,0.0,0.0,0.0,0.29,0.23,0.22,0.0,0.31,0.0,0.0,0.0,0.0,0.0,0.0,0.0,0.0,0.25,0.33,0.22,0.0,0.0,0.0,0.0,0.28,0.0,0.0,0.0,0.0,0.0,0.45,0.42,0.37,0.33,0.29,0.25,0.28,0.27,0.26,0.26,0.26,0.23,0.38,0.0,0.0,0.0,0.34,0.77,0.38,0.38,0.21,0.0,0.0,0.0,0.0,0.0,0.0,0.0,0.0,0.0,0.0,0.0,0.0,0.0,0.0,0.0,0.0,0.0,0.0,0.0,0.0,0.0,0.0,0.0,0.0,0.0,0.0,0.0,0.0,0.0,0.0,0.0,0.0,0.0,0.0,0.0,0.0,0.0,0.0,0.0,0.0,0.0,0.0,0.0,0.0,0.0,0.0,0.0,74.62
12/01/2021,0.0,0.78,0.89,0.69,0.9,0.79,0.77,0.79,0.87,0.6,0.73,0.91,0.82,0.74,0.52,0.71,0.66,0.55,0.47,0.47,0.8,0.49,0.43,0.0,0.0,0.81,0.6,0.57,0.62,0.47,0.95,0.49,0.69,0.4,0.47,0.56,0.62,0.35,0.43,0.37,0.48,0.56,0.48,0.0,0.53,0.35,0.43,0.39,0.39,0.4,0.49,0.46,0.44,0.27,0.35,0.38,0.33,0.4,0.46,0.37,0.42,0.29,0.33,0.49,0.36,0.29,0.37,0.37,0.58,0.37,0.0,0.4,0.37,0.39,0.34,0.29,0.34,0.34,0.0,0.25,0.28,0.3,0.54,0.5,0.29,0.33,0.23,0.56,0.27,0.27,0.3,0.26,0.29,0.29,0.27,0.28,0.25,0.0,0.22,0.25,0.0,0.24,0.27,0.33,0.3,0.36,0.28,0.27,0.29,0.27,0.28,0.33,0.0,0.26,0.31,0.0,0.27,0.26,0.27,0.24,0.29,0.35,0.48,0.42,0.3,0.24,0.24,0.28,0.26,0.23,0.23,0.27,0.0,0.27,0.0,0.25,0.27,0.28,0.32,0.0,0.3,0.22,0.25,0.27,0.23,0.28,0.94,0.24,0.25,0.25,0.25,0.24,0.24,0.23,0.26,0.24,0.41,0.25,0.26,0.22,0.24,0.24,0.25,0.22,0.24,0.22,0.25,0.0,0.28,0.22,0.22,0.0,0.0,0.0,0.0,0.22,0.0,0.22,0.35,0.0,0.25,0.24,0.32,0.25,0.22,0.0,0.0,0.0,0.25,0.0,0.21,0.21,0.25,0.25,0.25,0.0,0.22,0.22,0.25,0.0,0.0,0.0,0.0,0.0,0.3,0.24,0.22,0.0,0.32,0.0,0.0,0.0,0.0,0.0,0.0,0.0,0.0,0.25,0.33,0.22,0.0,0.0,0.0,0.0,0.28,0.0,0.0,0.0,0.0,0.0,0.45,0.41,0.37,0.31,0.3,0.25,0.28,0.28,0.25,0.25,0.26,0.22,0.4,0.0,0.0,0.0,0.33,0.76,0.37,0.37,0.21,0.0,0.0,0.0,0.0,0.0,0.0,0.0,0.0,0.0,0.0,0.0,0.0,0.0,0.0,0.0,0.0,0.0,0.0,0.0,0.0,0.0,0.0,0.0,0.0,0.0,0.0,0.0,0.0,0.0,0.0,0.0,0.0,0.0,0.0,0.0,0.0,0.0,0.0,0.0,0.0,0.0,0.0,0.0,0.0,0.0,0.0,0.0,74.74000000000001
12/02/2021,0.0,0.79,0.9,0.67,0.9,0.79,0.78,0.78,0.89,0.59,0.74,0.91,0.85,0.73,0.56,0.69,0.66,0.54,0.46,0.48,0.8,0.49,0.42,0.0,0.0,0.83,0.6,0.55,0.61,0.48,0.98,0.5,0.72,0.38,0.46,0.54,0.64,0.35,0.44,0.36,0.47,0.58,0.48,0.0,0.55,0.34,0.43,0.38,0.39,0.39,0.49,0.46,0.44,0.28,0.34,0.38,0.34,0.41,0.47,0.36,0.43,0.29,0.33,0.48,0.35,0.29,0.36,0.37,0.57,0.36,0.0,0.4,0.36,0.38,0.33,0.29,0.34,0.34,0.0,0.25,0.29,0.3,0.55,0.51,0.29,0.32,0.22,0.56,0.27,0.27,0.3,0.26,0.3,0.28,0.27,0.28,0.25,0.0,0.0,0.26,0.0,0.24,0.27,0.33,0.3,0.36,0.28,0.26,0.27,0.27,0.28,0.34,0.0,0.26,0.31,0.0,0.27,0.27,0.26,0.23,0.28,0.35,0.47,0.41,0.29,0.24,0.24,0.28,0.26,0.23,0.23,0.27,0.0,0.27,0.0,0.25,0.27,0.28,0.32,0.0,0.3,0.22,0.25,0.28,0.23,0.29,1.0,0.24,0.26,0.25,0.25,0.24,0.25,0.24,0.26,0.24,0.41,0.25,0.26,0.22,0.25,0.24,0.25,0.22,0.24,0.21,0.25,0.0,0.29,0.22,0.22,0.0,0.0,0.0,0.0,0.22,0.0,0.22,0.35,0.0,0.24,0.24,0.32,0.25,0.21,0.0,0.0,0.0,0.25,0.0,0.22,0.21,0.25,0.25,0.25,0.0,0.22,0.22,0.25,0.0,0.0,0.21,0.0,0.0,0.3,0.23,0.22,0.0,0.31,0.0,0.0,0.0,0.0,0.0,0.0,0.0,0.0,0.26,0.33,0.22,0.0,0.0,0.0,0.0,0.28,0.0,0.0,0.0,0.0,0.0,0.44,0.41,0.36,0.32,0.29,0.24,0.28,0.28,0.25,0.25,0.26,0.23,0.4,0.0,0.0,0.0,0.35,0.75,0.36,0.37,0.21,0.0,0.0,0.0,0.0,0.0,0.0,0.0,0.0,0.0,0.0,0.0,0.0,0.0,0.0,0.0,0.0,0.0,0.0,0.0,0.0,0.0,0.0,0.0,0.0,0.0,0.0,0.0,0.0,0.0,0.0,0.0,0.0,0.0,0.0,0.0,0.0,0.0,0.0,0.0,0.0,0.0,0.0,0.0,0.0,0.0,0.0,0.0,74.79
12/06/2021,0.0,0.78,0.91,0.66,0.9,0.78,0.76,0.81,0.9,0.58,0.73,0.92,0.83,0.65,0.61,0.7,0.66,0.56,0.48,0.49,0.81,0.51,0.42,0.0,0.0,0.82,0.6,0.54,0.61,0.47,0.94,0.49,0.73,0.0,0.44,0.53,0.65,0.35,0.43,0.38,0.48,0.57,0.5,0.0,0.57,0.33,0.42,0.39,0.4,0.38,0.48,0.48,0.44,0.28,0.34,0.38,0.33,0.43,0.48,0.38,0.43,0.32,0.32,0.48,0.36,0.29,0.36,0.37,0.57,0.37,0.0,0.41,0.38,0.38,0.33,0.29,0.34,0.34,0.0,0.23,0.26,0.3,0.55,0.48,0.29,0.34,0.23,0.58,0.25,0.24,0.28,0.26,0.29,0.28,0.28,0.28,0.26,0.0,0.0,0.26,0.0,0.24,0.28,0.32,0.3,0.36,0.28,0.26,0.26,0.27,0.27,0.35,0.0,0.26,0.33,0.0,0.29,0.27,0.27,0.24,0.0,0.37,0.46,0.41,0.3,0.25,0.24,0.29,0.25,0.23,0.22,0.27,0.0,0.28,0.0,0.25,0.27,0.26,0.33,0.0,0.3,0.23,0.23,0.28,0.24,0.27,0.89,0.24,0.26,0.25,0.26,0.24,0.26,0.24,0.25,0.23,0.4,0.25,0.27,0.22,0.25,0.23,0.26,0.22,0.24,0.0,0.25,0.0,0.3,0.23,0.22,0.0,0.0,0.0,0.0,0.21,0.0,0.22,0.37,0.0,0.25,0.24,0.3,0.25,0.21,0.0,0.0,0.0,0.25,0.0,0.22,0.22,0.26,0.24,0.24,0.0,0.21,0.22,0.26,0.0,0.0,0.22,0.0,0.0,0.3,0.21,0.0,0.0,0.32,0.21,0.0,0.0,0.0,0.0,0.0,0.0,0.0,0.26,0.3,0.22,0.0,0.0,0.0,0.0,0.27,0.0,0.0,0.0,0.0,0.0,0.43,0.38,0.35,0.34,0.3,0.24,0.28,0.28,0.26,0.26,0.25,0.23,0.45,0.0,0.0,0.0,0.32,0.76,0.37,0.4,0.22,0.37,0.27,0.22,0.0,0.0,0.0,0.0,0.0,0.0,0.0,0.0,0.0,0.0,0.0,0.0,0.0,0.0,0.0,0.0,0.0,0.0,0.0,0.0,0.0,0.0,0.0,0.0,0.0,0.0,0.0,0.0,0.0,0.0,0.0,0.0,0.0,0.0,0.0,0.0,0.0,0.0,0.0,0.0,0.0,0.0,0.0,0.0,74.77000000000001
12/07/2021,0.0,0.78,0.91,0.66,0.9,0.78,0.76,0.81,0.9,0.58,0.73,0.92,0.83,0.65,0.61,0.7,0.66,0.56,0.48,0.49,0.81,0.51,0.42,0.0,0.0,0.82,0.6,0.54,0.61,0.47,0.94,0.49,0.73,0.0,0.44,0.53,0.65,0.35,0.43,0.38,0.48,0.57,0.5,0.0,0.57,0.33,0.42,0.39,0.4,0.38,0.48,0.48,0.44,0.28,0.34,0.38,0.33,0.43,0.48,0.38,0.43,0.32,0.32,0.48,0.36,0.29,0.36,0.37,0.57,0.37,0.0,0.41,0.38,0.38,0.33,0.29,0.34,0.34,0.0,0.23,0.26,0.3,0.55,0.48,0.29,0.34,0.23,0.58,0.25,0.24,0.28,0.26,0.29,0.28,0.28,0.28,0.26,0.0,0.0,0.26,0.0,0.24,0.28,0.32,0.3,0.36,0.28,0.26,0.26,0.27,0.27,0.35,0.0,0.26,0.33,0.0,0.29,0.27,0.27,0.24,0.0,0.37,0.46,0.41,0.3,0.25,0.24,0.29,0.25,0.23,0.22,0.27,0.0,0.28,0.0,0.25,0.27,0.26,0.33,0.0,0.3,0.23,0.23,0.28,0.24,0.27,0.89,0.24,0.26,0.25,0.26,0.24,0.26,0.24,0.25,0.23,0.4,0.25,0.27,0.22,0.25,0.23,0.26,0.22,0.24,0.0,0.25,0.0,0.3,0.23,0.22,0.0,0.0,0.0,0.0,0.21,0.0,0.22,0.37,0.0,0.25,0.24,0.3,0.25,0.21,0.0,0.0,0.0,0.25,0.0,0.22,0.22,0.26,0.24,0.24,0.0,0.21,0.22,0.26,0.0,0.0,0.22,0.0,0.0,0.3,0.21,0.0,0.0,0.32,0.21,0.0,0.0,0.0,0.0,0.0,0.0,0.0,0.26,0.3,0.22,0.0,0.0,0.0,0.0,0.27,0.0,0.0,0.0,0.0,0.0,0.43,0.38,0.35,0.34,0.3,0.24,0.28,0.28,0.26,0.26,0.25,0.23,0.45,0.0,0.0,0.0,0.32,0.76,0.37,0.4,0.22,0.37,0.27,0.22,0.0,0.0,0.0,0.0,0.0,0.0,0.0,0.0,0.0,0.0,0.0,0.0,0.0,0.0,0.0,0.0,0.0,0.0,0.0,0.0,0.0,0.0,0.0,0.0,0.0,0.0,0.0,0.0,0.0,0.0,0.0,0.0,0.0,0.0,0.0,0.0,0.0,0.0,0.0,0.0,0.0,0.0,0.0,0.0,74.77000000000001
12/08/2021,0.0,0.78,0.91,0.66,0.9,0.78,0.76,0.81,0.9,0.58,0.73,0.92,0.83,0.65,0.61,0.7,0.66,0.56,0.48,0.49,0.81,0.51,0.42,0.0,0.0,0.82,0.6,0.54,0.61,0.47,0.94,0.49,0.73,0.0,0.44,0.53,0.65,0.35,0.43,0.38,0.48,0.57,0.5,0.0,0.57,0.33,0.42,0.39,0.4,0.38,0.48,0.48,0.44,0.28,0.34,0.38,0.33,0.43,0.48,0.38,0.43,0.32,0.32,0.48,0.36,0.29,0.36,0.37,0.57,0.37,0.0,0.41,0.38,0.38,0.33,0.29,0.34,0.34,0.0,0.23,0.26,0.3,0.55,0.48,0.29,0.34,0.23,0.58,0.25,0.24,0.28,0.26,0.29,0.28,0.28,0.28,0.26,0.0,0.0,0.26,0.0,0.24,0.28,0.32,0.3,0.36,0.28,0.26,0.26,0.27,0.27,0.35,0.0,0.26,0.33,0.0,0.29,0.27,0.27,0.24,0.0,0.37,0.46,0.41,0.3,0.25,0.24,0.29,0.25,0.23,0.22,0.27,0.0,0.28,0.0,0.25,0.27,0.26,0.33,0.0,0.3,0.23,0.23,0.28,0.24,0.27,0.89,0.24,0.26,0.25,0.26,0.24,0.26,0.24,0.25,0.23,0.4,0.25,0.27,0.22,0.25,0.23,0.26,0.22,0.24,0.0,0.25,0.0,0.3,0.23,0.22,0.0,0.0,0.0,0.0,0.21,0.0,0.22,0.37,0.0,0.25,0.24,0.3,0.25,0.21,0.0,0.0,0.0,0.25,0.0,0.22,0.22,0.26,0.24,0.24,0.0,0.21,0.22,0.26,0.0,0.0,0.22,0.0,0.0,0.3,0.21,0.0,0.0,0.32,0.21,0.0,0.0,0.0,0.0,0.0,0.0,0.0,0.26,0.3,0.22,0.0,0.0,0.0,0.0,0.27,0.0,0.0,0.0,0.0,0.0,0.43,0.38,0.35,0.34,0.3,0.24,0.28,0.28,0.26,0.26,0.25,0.23,0.45,0.0,0.0,0.0,0.32,0.76,0.37,0.4,0.22,0.37,0.27,0.22,0.0,0.0,0.0,0.0,0.0,0.0,0.0,0.0,0.0,0.0,0.0,0.0,0.0,0.0,0.0,0.0,0.0,0.0,0.0,0.0,0.0,0.0,0.0,0.0,0.0,0.0,0.0,0.0,0.0,0.0,0.0,0.0,0.0,0.0,0.0,0.0,0.0,0.0,0.0,0.0,0.0,0.0,0.0,0.0,74.77000000000001
12/09/2021,0.0,0.78,0.91,0.66,0.9,0.78,0.76,0.81,0.9,0.58,0.73,0.92,0.83,0.65,0.61,0.7,0.66,0.56,0.48,0.49,0.81,0.51,0.42,0.0,0.0,0.82,0.6,0.54,0.61,0.47,0.94,0.49,0.73,0.0,0.44,0.53,0.65,0.35,0.43,0.38,0.48,0.57,0.5,0.0,0.57,0.33,0.42,0.39,0.4,0.38,0.48,0.48,0.44,0.28,0.34,0.38,0.33,0.43,0.48,0.38,0.43,0.32,0.32,0.48,0.36,0.29,0.36,0.37,0.57,0.37,0.0,0.41,0.38,0.38,0.33,0.29,0.34,0.34,0.0,0.23,0.26,0.3,0.55,0.48,0.29,0.34,0.23,0.58,0.25,0.24,0.28,0.26,0.29,0.28,0.28,0.28,0.26,0.0,0.0,0.26,0.0,0.24,0.28,0.32,0.3,0.36,0.28,0.26,0.26,0.27,0.27,0.35,0.0,0.26,0.33,0.0,0.29,0.27,0.27,0.24,0.0,0.37,0.46,0.41,0.3,0.25,0.24,0.29,0.25,0.23,0.22,0.27,0.0,0.28,0.0,0.25,0.27,0.26,0.33,0.0,0.3,0.23,0.23,0.28,0.24,0.27,0.89,0.24,0.26,0.25,0.26,0.24,0.26,0.24,0.25,0.23,0.4,0.25,0.27,0.22,0.25,0.23,0.26,0.22,0.24,0.0,0.25,0.0,0.3,0.23,0.22,0.0,0.0,0.0,0.0,0.21,0.0,0.22,0.37,0.0,0.25,0.24,0.3,0.25,0.21,0.0,0.0,0.0,0.25,0.0,0.22,0.22,0.26,0.24,0.24,0.0,0.21,0.22,0.26,0.0,0.0,0.22,0.0,0.0,0.3,0.21,0.0,0.0,0.32,0.21,0.0,0.0,0.0,0.0,0.0,0.0,0.0,0.26,0.3,0.22,0.0,0.0,0.0,0.0,0.27,0.0,0.0,0.0,0.0,0.0,0.43,0.38,0.35,0.34,0.3,0.24,0.28,0.28,0.26,0.26,0.25,0.23,0.45,0.0,0.0,0.0,0.32,0.76,0.37,0.4,0.22,0.37,0.27,0.22,0.0,0.0,0.0,0.0,0.0,0.0,0.0,0.0,0.0,0.0,0.0,0.0,0.0,0.0,0.0,0.0,0.0,0.0,0.0,0.0,0.0,0.0,0.0,0.0,0.0,0.0,0.0,0.0,0.0,0.0,0.0,0.0,0.0,0.0,0.0,0.0,0.0,0.0,0.0,0.0,0.0,0.0,0.0,0.0,74.77000000000001
12/10/2021,0.0,0.78,0.91,0.66,0.9,0.78,0.76,0.81,0.9,0.58,0.73,0.92,0.83,0.65,0.61,0.7,0.66,0.56,0.48,0.49,0.81,0.51,0.42,0.0,0.0,0.82,0.6,0.54,0.61,0.47,0.94,0.49,0.73,0.0,0.44,0.53,0.65,0.35,0.43,0.38,0.48,0.57,0.5,0.0,0.57,0.33,0.42,0.39,0.4,0.38,0.48,0.48,0.44,0.28,0.34,0.38,0.33,0.43,0.48,0.38,0.43,0.32,0.32,0.48,0.36,0.29,0.36,0.37,0.57,0.37,0.0,0.41,0.38,0.38,0.33,0.29,0.34,0.34,0.0,0.23,0.26,0.3,0.55,0.48,0.29,0.34,0.23,0.58,0.25,0.24,0.28,0.26,0.29,0.28,0.28,0.28,0.26,0.0,0.0,0.26,0.0,0.24,0.28,0.32,0.3,0.36,0.28,0.26,0.26,0.27,0.27,0.35,0.0,0.26,0.33,0.0,0.29,0.27,0.27,0.24,0.0,0.37,0.46,0.41,0.3,0.25,0.24,0.29,0.25,0.23,0.22,0.27,0.0,0.28,0.0,0.25,0.27,0.26,0.33,0.0,0.3,0.23,0.23,0.28,0.24,0.27,0.89,0.24,0.26,0.25,0.26,0.24,0.26,0.24,0.25,0.23,0.4,0.25,0.27,0.22,0.25,0.23,0.26,0.22,0.24,0.0,0.25,0.0,0.3,0.23,0.22,0.0,0.0,0.0,0.0,0.21,0.0,0.22,0.37,0.0,0.25,0.24,0.3,0.25,0.21,0.0,0.0,0.0,0.25,0.0,0.22,0.22,0.26,0.24,0.24,0.0,0.21,0.22,0.26,0.0,0.0,0.22,0.0,0.0,0.3,0.21,0.0,0.0,0.32,0.21,0.0,0.0,0.0,0.0,0.0,0.0,0.0,0.26,0.3,0.22,0.0,0.0,0.0,0.0,0.27,0.0,0.0,0.0,0.0,0.0,0.43,0.38,0.35,0.34,0.3,0.24,0.28,0.28,0.26,0.26,0.25,0.23,0.45,0.0,0.0,0.0,0.32,0.76,0.37,0.4,0.22,0.37,0.27,0.22,0.0,0.0,0.0,0.0,0.0,0.0,0.0,0.0,0.0,0.0,0.0,0.0,0.0,0.0,0.0,0.0,0.0,0.0,0.0,0.0,0.0,0.0,0.0,0.0,0.0,0.0,0.0,0.0,0.0,0.0,0.0,0.0,0.0,0.0,0.0,0.0,0.0,0.0,0.0,0.0,0.0,0.0,0.0,0.0,74.77000000000001
12/13/2021,0.0,0.78,0.91,0.66,0.9,0.78,0.76,0.81,0.9,0.58,0.73,0.92,0.83,0.65,0.61,0.7,0.66,0.56,0.48,0.49,0.81,0.51,0.42,0.0,0.0,0.82,0.6,0.54,0.61,0.47,0.94,0.49,0.73,0.0,0.44,0.53,0.65,0.35,0.43,0.38,0.48,0.57,0.5,0.0,0.57,0.33,0.42,0.39,0.4,0.38,0.48,0.48,0.44,0.28,0.34,0.38,0.33,0.43,0.48,0.38,0.43,0.32,0.32,0.48,0.36,0.29,0.36,0.37,0.57,0.37,0.0,0.41,0.38,0.38,0.33,0.29,0.34,0.34,0.0,0.23,0.26,0.3,0.55,0.48,0.29,0.34,0.23,0.58,0.25,0.24,0.28,0.26,0.29,0.28,0.28,0.28,0.26,0.0,0.0,0.26,0.0,0.24,0.28,0.32,0.3,0.36,0.28,0.26,0.26,0.27,0.27,0.35,0.0,0.26,0.33,0.0,0.29,0.27,0.27,0.24,0.0,0.37,0.46,0.41,0.3,0.25,0.24,0.29,0.25,0.23,0.22,0.27,0.0,0.28,0.0,0.25,0.27,0.26,0.33,0.0,0.3,0.23,0.23,0.28,0.24,0.27,0.89,0.24,0.26,0.25,0.26,0.24,0.26,0.24,0.25,0.23,0.4,0.25,0.27,0.22,0.25,0.23,0.26,0.22,0.24,0.0,0.25,0.0,0.3,0.23,0.22,0.0,0.0,0.0,0.0,0.21,0.0,0.22,0.37,0.0,0.25,0.24,0.3,0.25,0.21,0.0,0.0,0.0,0.25,0.0,0.22,0.22,0.26,0.24,0.24,0.0,0.21,0.22,0.26,0.0,0.0,0.22,0.0,0.0,0.3,0.21,0.0,0.0,0.32,0.21,0.0,0.0,0.0,0.0,0.0,0.0,0.0,0.26,0.3,0.22,0.0,0.0,0.0,0.0,0.27,0.0,0.0,0.0,0.0,0.0,0.43,0.38,0.35,0.34,0.3,0.24,0.28,0.28,0.26,0.26,0.25,0.23,0.45,0.0,0.0,0.0,0.32,0.76,0.37,0.4,0.22,0.37,0.27,0.22,0.0,0.0,0.0,0.0,0.0,0.0,0.0,0.0,0.0,0.0,0.0,0.0,0.0,0.0,0.0,0.0,0.0,0.0,0.0,0.0,0.0,0.0,0.0,0.0,0.0,0.0,0.0,0.0,0.0,0.0,0.0,0.0,0.0,0.0,0.0,0.0,0.0,0.0,0.0,0.0,0.0,0.0,0.0,0.0,74.77000000000001
12/14/2021,0.0,0.78,0.91,0.66,0.9,0.78,0.76,0.81,0.9,0.58,0.73,0.92,0.83,0.65,0.61,0.7,0.66,0.56,0.48,0.49,0.81,0.51,0.42,0.0,0.0,0.82,0.6,0.54,0.61,0.47,0.94,0.49,0.73,0.0,0.44,0.53,0.65,0.35,0.43,0.38,0.48,0.57,0.5,0.0,0.57,0.33,0.42,0.39,0.4,0.38,0.48,0.48,0.44,0.28,0.34,0.38,0.33,0.43,0.48,0.38,0.43,0.32,0.32,0.48,0.36,0.29,0.36,0.37,0.57,0.37,0.0,0.41,0.38,0.38,0.33,0.29,0.34,0.34,0.0,0.23,0.26,0.3,0.55,0.48,0.29,0.34,0.23,0.58,0.25,0.24,0.28,0.26,0.29,0.28,0.28,0.28,0.26,0.0,0.0,0.26,0.0,0.24,0.28,0.32,0.3,0.36,0.28,0.26,0.26,0.27,0.27,0.35,0.0,0.26,0.33,0.0,0.29,0.27,0.27,0.24,0.0,0.37,0.46,0.41,0.3,0.25,0.24,0.29,0.25,0.23,0.22,0.27,0.0,0.28,0.0,0.25,0.27,0.26,0.33,0.0,0.3,0.23,0.23,0.28,0.24,0.27,0.89,0.24,0.26,0.25,0.26,0.24,0.26,0.24,0.25,0.23,0.4,0.25,0.27,0.22,0.25,0.23,0.26,0.22,0.24,0.0,0.25,0.0,0.3,0.23,0.22,0.0,0.0,0.0,0.0,0.21,0.0,0.22,0.37,0.0,0.25,0.24,0.3,0.25,0.21,0.0,0.0,0.0,0.25,0.0,0.22,0.22,0.26,0.24,0.24,0.0,0.21,0.22,0.26,0.0,0.0,0.22,0.0,0.0,0.3,0.21,0.0,0.0,0.32,0.21,0.0,0.0,0.0,0.0,0.0,0.0,0.0,0.26,0.3,0.22,0.0,0.0,0.0,0.0,0.27,0.0,0.0,0.0,0.0,0.0,0.43,0.38,0.35,0.34,0.3,0.24,0.28,0.28,0.26,0.26,0.25,0.23,0.45,0.0,0.0,0.0,0.32,0.76,0.37,0.4,0.22,0.37,0.27,0.22,0.0,0.0,0.0,0.0,0.0,0.0,0.0,0.0,0.0,0.0,0.0,0.0,0.0,0.0,0.0,0.0,0.0,0.0,0.0,0.0,0.0,0.0,0.0,0.0,0.0,0.0,0.0,0.0,0.0,0.0,0.0,0.0,0.0,0.0,0.0,0.0,0.0,0.0,0.0,0.0,0.0,0.0,0.0,0.0,74.77000000000001
12/15/2021,0.0,0.78,0.91,0.66,0.9,0.78,0.76,0.81,0.9,0.58,0.73,0.92,0.83,0.65,0.61,0.7,0.66,0.56,0.48,0.49,0.81,0.51,0.42,0.0,0.0,0.82,0.6,0.54,0.61,0.47,0.94,0.49,0.73,0.0,0.44,0.53,0.65,0.35,0.43,0.38,0.48,0.57,0.5,0.0,0.57,0.33,0.42,0.39,0.4,0.38,0.48,0.48,0.44,0.28,0.34,0.38,0.33,0.43,0.48,0.38,0.43,0.32,0.32,0.48,0.36,0.29,0.36,0.37,0.57,0.37,0.0,0.41,0.38,0.38,0.33,0.29,0.34,0.34,0.0,0.23,0.26,0.3,0.55,0.48,0.29,0.34,0.23,0.58,0.25,0.24,0.28,0.26,0.29,0.28,0.28,0.28,0.26,0.0,0.0,0.26,0.0,0.24,0.28,0.32,0.3,0.36,0.28,0.26,0.26,0.27,0.27,0.35,0.0,0.26,0.33,0.0,0.29,0.27,0.27,0.24,0.0,0.37,0.46,0.41,0.3,0.25,0.24,0.29,0.25,0.23,0.22,0.27,0.0,0.28,0.0,0.25,0.27,0.26,0.33,0.0,0.3,0.23,0.23,0.28,0.24,0.27,0.89,0.24,0.26,0.25,0.26,0.24,0.26,0.24,0.25,0.23,0.4,0.25,0.27,0.22,0.25,0.23,0.26,0.22,0.24,0.0,0.25,0.0,0.3,0.23,0.22,0.0,0.0,0.0,0.0,0.21,0.0,0.22,0.37,0.0,0.25,0.24,0.3,0.25,0.21,0.0,0.0,0.0,0.25,0.0,0.22,0.22,0.26,0.24,0.24,0.0,0.21,0.22,0.26,0.0,0.0,0.22,0.0,0.0,0.3,0.21,0.0,0.0,0.32,0.21,0.0,0.0,0.0,0.0,0.0,0.0,0.0,0.26,0.3,0.22,0.0,0.0,0.0,0.0,0.27,0.0,0.0,0.0,0.0,0.0,0.43,0.38,0.35,0.34,0.3,0.24,0.28,0.28,0.26,0.26,0.25,0.23,0.45,0.0,0.0,0.0,0.32,0.76,0.37,0.4,0.22,0.37,0.27,0.22,0.0,0.0,0.0,0.0,0.0,0.0,0.0,0.0,0.0,0.0,0.0,0.0,0.0,0.0,0.0,0.0,0.0,0.0,0.0,0.0,0.0,0.0,0.0,0.0,0.0,0.0,0.0,0.0,0.0,0.0,0.0,0.0,0.0,0.0,0.0,0.0,0.0,0.0,0.0,0.0,0.0,0.0,0.0,0.0,74.77000000000001
12/16/2021,0.0,0.78,0.91,0.66,0.9,0.78,0.76,0.81,0.9,0.58,0.73,0.92,0.83,0.65,0.61,0.7,0.66,0.56,0.48,0.49,0.81,0.51,0.42,0.0,0.0,0.82,0.6,0.54,0.61,0.47,0.94,0.49,0.73,0.0,0.44,0.53,0.65,0.35,0.43,0.38,0.48,0.57,0.5,0.0,0.57,0.33,0.42,0.39,0.4,0.38,0.48,0.48,0.44,0.28,0.34,0.38,0.33,0.43,0.48,0.38,0.43,0.32,0.32,0.48,0.36,0.29,0.36,0.37,0.57,0.37,0.0,0.41,0.38,0.38,0.33,0.29,0.34,0.34,0.0,0.23,0.26,0.3,0.55,0.48,0.29,0.34,0.23,0.58,0.25,0.24,0.28,0.26,0.29,0.28,0.28,0.28,0.26,0.0,0.0,0.26,0.0,0.24,0.28,0.32,0.3,0.36,0.28,0.26,0.26,0.27,0.27,0.35,0.0,0.26,0.33,0.0,0.29,0.27,0.27,0.24,0.0,0.37,0.46,0.41,0.3,0.25,0.24,0.29,0.25,0.23,0.22,0.27,0.0,0.28,0.0,0.25,0.27,0.26,0.33,0.0,0.3,0.23,0.23,0.28,0.24,0.27,0.89,0.24,0.26,0.25,0.26,0.24,0.26,0.24,0.25,0.23,0.4,0.25,0.27,0.22,0.25,0.23,0.26,0.22,0.24,0.0,0.25,0.0,0.3,0.23,0.22,0.0,0.0,0.0,0.0,0.21,0.0,0.22,0.37,0.0,0.25,0.24,0.3,0.25,0.21,0.0,0.0,0.0,0.25,0.0,0.22,0.22,0.26,0.24,0.24,0.0,0.21,0.22,0.26,0.0,0.0,0.22,0.0,0.0,0.3,0.21,0.0,0.0,0.32,0.21,0.0,0.0,0.0,0.0,0.0,0.0,0.0,0.26,0.3,0.22,0.0,0.0,0.0,0.0,0.27,0.0,0.0,0.0,0.0,0.0,0.43,0.38,0.35,0.34,0.3,0.24,0.28,0.28,0.26,0.26,0.25,0.23,0.45,0.0,0.0,0.0,0.32,0.76,0.37,0.4,0.22,0.37,0.27,0.22,0.0,0.0,0.0,0.0,0.0,0.0,0.0,0.0,0.0,0.0,0.0,0.0,0.0,0.0,0.0,0.0,0.0,0.0,0.0,0.0,0.0,0.0,0.0,0.0,0.0,0.0,0.0,0.0,0.0,0.0,0.0,0.0,0.0,0.0,0.0,0.0,0.0,0.0,0.0,0.0,0.0,0.0,0.0,0.0,74.77000000000001
12/17/2021,0.0,0.78,0.91,0.66,0.9,0.78,0.76,0.81,0.9,0.58,0.73,0.92,0.83,0.65,0.61,0.7,0.66,0.56,0.48,0.49,0.81,0.51,0.42,0.0,0.0,0.82,0.6,0.54,0.61,0.47,0.94,0.49,0.73,0.0,0.44,0.53,0.65,0.35,0.43,0.38,0.48,0.57,0.5,0.0,0.57,0.33,0.42,0.39,0.4,0.38,0.48,0.48,0.44,0.28,0.34,0.38,0.33,0.43,0.48,0.38,0.43,0.32,0.32,0.48,0.36,0.29,0.36,0.37,0.57,0.37,0.0,0.41,0.38,0.38,0.33,0.29,0.34,0.34,0.0,0.23,0.26,0.3,0.55,0.48,0.29,0.34,0.23,0.58,0.25,0.24,0.28,0.26,0.29,0.28,0.28,0.28,0.26,0.0,0.0,0.26,0.0,0.24,0.28,0.32,0.3,0.36,0.28,0.26,0.26,0.27,0.27,0.35,0.0,0.26,0.33,0.0,0.29,0.27,0.27,0.24,0.0,0.37,0.46,0.41,0.3,0.25,0.24,0.29,0.25,0.23,0.22,0.27,0.0,0.28,0.0,0.25,0.27,0.26,0.33,0.0,0.3,0.23,0.23,0.28,0.24,0.27,0.89,0.24,0.26,0.25,0.26,0.24,0.26,0.24,0.25,0.23,0.4,0.25,0.27,0.22,0.25,0.23,0.26,0.22,0.24,0.0,0.25,0.0,0.3,0.23,0.22,0.0,0.0,0.0,0.0,0.21,0.0,0.22,0.37,0.0,0.25,0.24,0.3,0.25,0.21,0.0,0.0,0.0,0.25,0.0,0.22,0.22,0.26,0.24,0.24,0.0,0.21,0.22,0.26,0.0,0.0,0.22,0.0,0.0,0.3,0.21,0.0,0.0,0.32,0.21,0.0,0.0,0.0,0.0,0.0,0.0,0.0,0.26,0.3,0.22,0.0,0.0,0.0,0.0,0.27,0.0,0.0,0.0,0.0,0.0,0.43,0.38,0.35,0.34,0.3,0.24,0.28,0.28,0.26,0.26,0.25,0.23,0.45,0.0,0.0,0.0,0.32,0.76,0.37,0.4,0.22,0.37,0.27,0.22,0.0,0.0,0.0,0.0,0.0,0.0,0.0,0.0,0.0,0.0,0.0,0.0,0.0,0.0,0.0,0.0,0.0,0.0,0.0,0.0,0.0,0.0,0.0,0.0,0.0,0.0,0.0,0.0,0.0,0.0,0.0,0.0,0.0,0.0,0.0,0.0,0.0,0.0,0.0,0.0,0.0,0.0,0.0,0.0,74.77000000000001
12/20/2021,0.0,0.78,0.91,0.66,0.9,0.78,0.76,0.81,0.9,0.58,0.73,0.92,0.83,0.65,0.61,0.7,0.66,0.56,0.48,0.49,0.81,0.51,0.42,0.0,0.0,0.82,0.6,0.54,0.61,0.47,0.94,0.49,0.73,0.0,0.44,0.53,0.65,0.35,0.43,0.38,0.48,0.57,0.5,0.0,0.57,0.33,0.42,0.39,0.4,0.38,0.48,0.48,0.44,0.28,0.34,0.38,0.33,0.43,0.48,0.38,0.43,0.32,0.32,0.48,0.36,0.29,0.36,0.37,0.57,0.37,0.0,0.41,0.38,0.38,0.33,0.29,0.34,0.34,0.0,0.23,0.26,0.3,0.55,0.48,0.29,0.34,0.23,0.58,0.25,0.24,0.28,0.26,0.29,0.28,0.28,0.28,0.26,0.0,0.0,0.26,0.0,0.24,0.28,0.32,0.3,0.36,0.28,0.26,0.26,0.27,0.27,0.35,0.0,0.26,0.33,0.0,0.29,0.27,0.27,0.24,0.0,0.37,0.46,0.41,0.3,0.25,0.24,0.29,0.25,0.23,0.22,0.27,0.0,0.28,0.0,0.25,0.27,0.26,0.33,0.0,0.3,0.23,0.23,0.28,0.24,0.27,0.89,0.24,0.26,0.25,0.26,0.24,0.26,0.24,0.25,0.23,0.4,0.25,0.27,0.22,0.25,0.23,0.26,0.22,0.24,0.0,0.25,0.0,0.3,0.23,0.22,0.0,0.0,0.0,0.0,0.21,0.0,0.22,0.37,0.0,0.25,0.24,0.3,0.25,0.21,0.0,0.0,0.0,0.25,0.0,0.22,0.22,0.26,0.24,0.24,0.0,0.21,0.22,0.26,0.0,0.0,0.22,0.0,0.0,0.3,0.21,0.0,0.0,0.32,0.21,0.0,0.0,0.0,0.0,0.0,0.0,0.0,0.26,0.3,0.22,0.0,0.0,0.0,0.0,0.27,0.0,0.0,0.0,0.0,0.0,0.43,0.38,0.35,0.34,0.3,0.24,0.28,0.28,0.26,0.26,0.25,0.23,0.45,0.0,0.0,0.0,0.32,0.76,0.37,0.4,0.22,0.37,0.27,0.22,0.0,0.0,0.0,0.0,0.0,0.0,0.0,0.0,0.0,0.0,0.0,0.0,0.0,0.0,0.0,0.0,0.0,0.0,0.0,0.0,0.0,0.0,0.0,0.0,0.0,0.0,0.0,0.0,0.0,0.0,0.0,0.0,0.0,0.0,0.0,0.0,0.0,0.0,0.0,0.0,0.0,0.0,0.0,0.0,74.77000000000001
12/21/2021,0.0,0.95,0.92,0.64,0.9,0.79,0.77,0.77,1.08,0.58,0.73,0.92,0.83,0.73,0.58,0.7,0.74,0.5,0.48,0.51,0.82,0.5,0.49,0.0,0.0,0.83,0.62,0.56,0.61,0.49,0.0,0.54,0.67,0.0,0.47,0.57,0.65,0.35,0.49,0.45,0.49,0.54,0.52,0.0,0.54,0.32,0.43,0.4,0.39,0.41,0.51,0.52,0.48,0.28,0.35,0.39,0.34,0.45,0.48,0.44,0.4,0.35,0.33,0.44,0.36,0.25,0.35,0.39,0.57,0.41,0.0,0.42,0.38,0.37,0.32,0.25,0.28,0.36,0.22,0.22,0.23,0.27,0.54,0.47,0.26,0.33,0.22,0.58,0.24,0.0,0.27,0.25,0.3,0.27,0.27,0.26,0.25,0.0,0.23,0.25,0.0,0.25,0.27,0.29,0.31,0.32,0.27,0.26,0.23,0.27,0.27,0.34,0.0,0.0,0.33,0.21,0.28,0.29,0.29,0.23,0.0,0.36,0.48,0.44,0.3,0.24,0.24,0.31,0.25,0.24,0.22,0.25,0.0,0.28,0.0,0.27,0.27,0.26,0.33,0.0,0.3,0.23,0.23,0.26,0.25,0.24,0.72,0.24,0.26,0.27,0.27,0.25,0.27,0.24,0.25,0.22,0.42,0.24,0.27,0.22,0.26,0.23,0.27,0.22,0.25,0.0,0.26,0.0,0.28,0.23,0.21,0.0,0.0,0.0,0.0,0.23,0.0,0.22,0.38,0.0,0.24,0.24,0.28,0.24,0.22,0.0,0.0,0.0,0.25,0.0,0.24,0.24,0.24,0.24,0.25,0.22,0.0,0.22,0.26,0.0,0.0,0.22,0.0,0.0,0.3,0.24,0.0,0.0,0.32,0.0,0.0,0.0,0.0,0.0,0.0,0.0,0.0,0.24,0.28,0.22,0.0,0.0,0.0,0.0,0.29,0.0,0.0,0.0,0.0,0.0,0.45,0.32,0.36,0.32,0.29,0.29,0.3,0.31,0.26,0.25,0.26,0.24,0.56,0.0,0.0,0.0,0.25,0.74,0.37,0.0,0.23,0.33,0.26,0.22,0.81,0.43,0.0,0.0,0.0,0.0,0.0,0.0,0.0,0.0,0.0,0.0,0.0,0.0,0.0,0.0,0.0,0.0,0.0,0.0,0.0,0.0,0.0,0.0,0.0,0.0,0.0,0.0,0.0,0.0,0.0,0.0,0.0,0.0,0.0,0.0,0.0,0.0,0.0,0.0,0.0,0.0,0.0,0.0,75.15
12/22/2021,0.0,0.95,0.92,0.64,0.9,0.79,0.77,0.77,1.08,0.58,0.73,0.92,0.83,0.73,0.58,0.7,0.74,0.5,0.48,0.51,0.82,0.5,0.49,0.0,0.0,0.83,0.62,0.56,0.61,0.49,0.0,0.54,0.67,0.0,0.47,0.57,0.65,0.35,0.49,0.45,0.49,0.54,0.52,0.0,0.54,0.32,0.43,0.4,0.39,0.41,0.51,0.52,0.48,0.28,0.35,0.39,0.34,0.45,0.48,0.44,0.4,0.35,0.33,0.44,0.36,0.25,0.35,0.39,0.57,0.41,0.0,0.42,0.38,0.37,0.32,0.25,0.28,0.36,0.22,0.22,0.23,0.27,0.54,0.47,0.26,0.33,0.22,0.58,0.24,0.0,0.27,0.25,0.3,0.27,0.27,0.26,0.25,0.0,0.23,0.25,0.0,0.25,0.27,0.29,0.31,0.32,0.27,0.26,0.23,0.27,0.27,0.34,0.0,0.0,0.33,0.21,0.28,0.29,0.29,0.23,0.0,0.36,0.48,0.44,0.3,0.24,0.24,0.31,0.25,0.24,0.22,0.25,0.0,0.28,0.0,0.27,0.27,0.26,0.33,0.0,0.3,0.23,0.23,0.26,0.25,0.24,0.72,0.24,0.26,0.27,0.27,0.25,0.27,0.24,0.25,0.22,0.42,0.24,0.27,0.22,0.26,0.23,0.27,0.22,0.25,0.0,0.26,0.0,0.28,0.23,0.21,0.0,0.0,0.0,0.0,0.23,0.0,0.22,0.38,0.0,0.24,0.24,0.28,0.24,0.22,0.0,0.0,0.0,0.25,0.0,0.24,0.24,0.24,0.24,0.25,0.22,0.0,0.22,0.26,0.0,0.0,0.22,0.0,0.0,0.3,0.24,0.0,0.0,0.32,0.0,0.0,0.0,0.0,0.0,0.0,0.0,0.0,0.24,0.28,0.22,0.0,0.0,0.0,0.0,0.29,0.0,0.0,0.0,0.0,0.0,0.45,0.32,0.36,0.32,0.29,0.29,0.3,0.31,0.26,0.25,0.26,0.24,0.56,0.0,0.0,0.0,0.25,0.74,0.37,0.0,0.23,0.33,0.26,0.22,0.81,0.43,0.0,0.0,0.0,0.0,0.0,0.0,0.0,0.0,0.0,0.0,0.0,0.0,0.0,0.0,0.0,0.0,0.0,0.0,0.0,0.0,0.0,0.0,0.0,0.0,0.0,0.0,0.0,0.0,0.0,0.0,0.0,0.0,0.0,0.0,0.0,0.0,0.0,0.0,0.0,0.0,0.0,0.0,75.15
12/23/2021,0.0,0.83,0.31,0.75,0.81,0.29,0.78,0.73,0.83,0.76,0.72,0.81,0.68,0.73,0.72,0.7,0.78,0.84,0.38,0.78,0.8,0.4,0.77,0.0,0.0,0.79,0.41,0.78,0.39,0.75,0.0,0.53,0.33,0.0,0.74,0.0,0.33,0.4,0.34,0.0,0.72,0.32,0.52,0.0,0.33,0.4,0.38,0.39,0.38,0.42,0.42,0.0,0.78,0.27,0.42,0.42,0.31,0.3,0.4,0.42,0.38,0.32,0.34,0.38,0.39,0.22,0.38,0.41,0.7,0.3,0.0,0.3,0.31,0.39,0.39,0.22,0.0,0.33,0.27,0.25,0.32,0.23,0.52,0.6,0.23,0.23,0.25,0.57,0.23,0.0,0.24,0.27,0.24,0.23,0.31,0.28,0.35,0.0,0.0,0.3,0.27,0.26,0.35,0.27,0.8,0.33,0.0,0.28,0.27,0.39,0.29,0.27,0.0,0.28,0.27,0.0,0.29,0.27,0.0,0.24,0.0,0.27,0.65,0.63,0.28,0.23,0.23,0.33,0.29,0.39,0.84,0.23,0.0,0.35,0.0,0.22,0.31,0.31,0.0,0.0,0.31,0.31,0.23,0.3,0.23,0.0,0.32,0.23,0.23,0.23,0.25,0.24,0.26,0.23,0.31,0.23,0.0,0.22,0.24,0.22,0.25,0.23,0.24,0.23,0.24,0.22,0.29,0.0,0.26,0.23,0.0,0.22,0.0,0.23,0.0,0.24,0.0,0.0,0.31,0.0,0.0,0.0,0.29,0.0,0.22,0.0,0.0,0.0,0.24,0.0,0.23,0.24,0.0,0.29,0.29,0.23,0.0,0.3,0.23,0.0,0.0,0.23,0.0,0.0,0.31,0.31,0.3,0.0,0.3,0.0,0.0,0.29,0.0,0.0,0.0,0.0,0.0,0.24,0.29,0.0,0.0,0.0,0.0,0.29,0.28,0.32,0.0,0.0,0.0,0.0,0.73,0.4,0.38,0.29,0.29,0.33,0.29,0.3,0.0,0.23,0.28,0.23,0.58,0.0,0.0,0.0,0.0,0.82,0.0,0.0,0.0,0.32,0.0,0.0,0.76,0.0,0.5,0.34,0.3,0.3,0.3,0.29,0.28,0.26,0.26,0.26,0.26,0.26,0.26,0.23,0.23,0.22,0.0,0.0,0.0,0.0,0.0,0.0,0.0,0.0,0.0,0.0,0.0,0.0,0.0,0.0,0.0,0.0,0.0,0.0,0.0,0.0,0.0,0.0,0.0,0.0,0.0,0.0,75.24
12/24/2021,0.0,0.8,0.29,0.76,0.78,0.28,0.78,0.73,0.8,0.78,0.69,0.78,0.69,0.71,0.76,0.67,0.74,0.82,0.38,0.8,0.78,0.39,0.76,0.0,0.0,0.79,0.4,0.77,0.38,0.73,0.0,0.53,0.32,0.0,0.71,0.0,0.32,0.38,0.33,0.0,0.69,0.32,0.52,0.0,0.32,0.4,0.38,0.39,0.38,0.4,0.41,0.0,0.76,0.26,0.41,0.4,0.3,0.29,0.39,0.4,0.38,0.31,0.28,0.37,0.38,0.22,0.38,0.4,0.67,0.3,0.0,0.3,0.3,0.38,0.39,0.22,0.22,0.3,0.27,0.25,0.32,0.23,0.51,0.57,0.23,0.23,0.26,0.56,0.23,0.0,0.23,0.26,0.24,0.23,0.3,0.28,0.35,0.0,0.0,0.29,0.27,0.26,0.34,0.27,0.79,0.32,0.0,0.28,0.26,0.39,0.28,0.28,0.0,0.27,0.27,0.0,0.28,0.25,0.0,0.23,0.0,0.28,0.62,0.61,0.27,0.23,0.23,0.32,0.28,0.38,0.83,0.23,0.0,0.35,0.0,0.0,0.31,0.3,0.0,0.0,0.31,0.29,0.22,0.29,0.22,0.0,0.32,0.23,0.22,0.22,0.24,0.23,0.25,0.22,0.31,0.23,0.0,0.22,0.23,0.0,0.24,0.22,0.23,0.22,0.24,0.22,0.29,0.0,0.26,0.23,0.21,0.22,0.0,0.23,0.0,0.23,0.0,0.0,0.31,0.0,0.0,0.0,0.29,0.0,0.22,0.0,0.0,0.0,0.23,0.0,0.22,0.23,0.0,0.28,0.29,0.22,0.0,0.29,0.22,0.0,0.0,0.22,0.0,0.0,0.3,0.3,0.29,0.0,0.29,0.0,0.0,0.28,0.0,0.0,0.0,0.0,0.0,0.24,0.28,0.0,0.0,0.0,0.0,0.29,0.28,0.33,0.0,0.0,0.0,0.0,0.72,0.38,0.38,0.28,0.29,0.32,0.29,0.3,0.0,0.23,0.28,0.22,2.38,0.0,0.0,0.0,0.0,0.8,0.0,0.0,0.0,0.31,0.0,0.0,0.75,0.0,0.5,0.33,0.3,0.29,0.29,0.29,0.27,0.26,0.26,0.26,0.28,0.25,0.26,0.23,0.23,0.22,0.0,0.0,0.0,0.0,0.0,0.0,0.0,0.0,0.0,0.0,0.0,0.0,0.0,0.0,0.0,0.0,0.0,0.0,0.0,0.0,0.0,0.0,0.0,0.0,0.0,0.0,75.61
12/27/2021,0.0,0.81,0.3,0.84,0.78,0.29,0.81,0.74,0.81,0.8,0.7,0.79,0.73,0.75,0.78,0.69,0.75,0.83,0.38,0.81,0.79,0.39,0.78,0.0,0.0,0.82,0.41,0.76,0.38,0.76,0.0,0.56,0.34,0.0,0.72,0.0,0.34,0.38,0.34,0.0,0.7,0.33,0.55,0.0,0.33,0.42,0.4,0.4,0.39,0.41,0.41,0.0,0.78,0.26,0.42,0.41,0.3,0.3,0.41,0.4,0.39,0.32,0.28,0.38,0.4,0.22,0.39,0.41,0.67,0.31,0.0,0.3,0.3,0.38,0.4,0.22,0.0,0.31,0.28,0.26,0.33,0.24,0.53,0.57,0.23,0.24,0.27,0.58,0.24,0.0,0.24,0.27,0.23,0.23,0.31,0.29,0.35,0.0,0.0,0.3,0.28,0.29,0.35,0.28,0.81,0.32,0.0,0.29,0.27,0.41,0.29,0.28,0.0,0.28,0.28,0.0,0.29,0.0,0.0,0.23,0.0,0.28,0.63,0.62,0.28,0.24,0.23,0.33,0.29,0.39,0.86,0.24,0.0,0.36,0.0,0.22,0.32,0.31,0.0,0.0,0.31,0.29,0.22,0.3,0.23,0.0,0.32,0.24,0.22,0.23,0.25,0.24,0.25,0.22,0.31,0.23,0.0,0.22,0.23,0.22,0.24,0.23,0.24,0.23,0.24,0.22,0.3,0.0,0.26,0.24,0.22,0.22,0.0,0.25,0.0,0.23,0.0,0.0,0.3,0.0,0.0,0.22,0.29,0.0,0.22,0.0,0.0,0.0,0.24,0.0,0.23,0.23,0.0,0.29,0.29,0.22,0.0,0.29,0.22,0.0,0.0,0.22,0.0,0.0,0.3,0.31,0.3,0.0,0.3,0.0,0.0,0.3,0.0,0.0,0.0,0.0,0.0,0.25,0.29,0.0,0.0,0.0,0.0,0.3,0.29,0.34,0.0,0.0,0.0,0.0,0.73,0.37,0.4,0.28,0.3,0.32,0.29,0.3,0.0,0.23,0.28,0.22,0.0,0.0,0.0,0.0,0.0,0.82,0.0,0.0,0.0,0.33,0.0,0.0,0.78,0.0,0.52,0.34,0.31,0.3,0.3,0.29,0.3,0.26,0.27,0.26,0.29,0.25,0.27,0.23,0.24,0.23,0.0,0.0,0.0,0.0,0.0,0.0,0.0,0.0,0.0,0.0,0.0,0.0,0.0,0.0,0.0,0.0,0.0,0.0,0.0,0.0,0.0,0.0,0.0,0.0,0.0,0.0,75.19999999999999
12/28/2021,0.0,0.81,0.3,0.84,0.78,0.29,0.81,0.74,0.81,0.8,0.7,0.79,0.73,0.75,0.78,0.69,0.75,0.83,0.38,0.81,0.79,0.39,0.78,0.0,0.0,0.82,0.41,0.76,0.38,0.76,0.0,0.56,0.34,0.0,0.72,0.0,0.34,0.38,0.34,0.0,0.7,0.33,0.55,0.0,0.33,0.42,0.4,0.4,0.39,0.41,0.41,0.0,0.78,0.26,0.42,0.41,0.3,0.3,0.41,0.4,0.39,0.32,0.28,0.38,0.4,0.22,0.39,0.41,0.67,0.31,0.0,0.3,0.3,0.38,0.4,0.22,0.0,0.31,0.28,0.26,0.33,0.24,0.53,0.57,0.23,0.24,0.27,0.58,0.24,0.0,0.24,0.27,0.23,0.23,0.31,0.29,0.35,0.0,0.0,0.3,0.28,0.29,0.35,0.28,0.81,0.32,0.0,0.29,0.27,0.41,0.29,0.28,0.0,0.28,0.28,0.0,0.29,0.0,0.0,0.23,0.0,0.28,0.63,0.62,0.28,0.24,0.23,0.33,0.29,0.39,0.86,0.24,0.0,0.36,0.0,0.22,0.32,0.31,0.0,0.0,0.31,0.29,0.22,0.3,0.23,0.0,0.32,0.24,0.22,0.23,0.25,0.24,0.25,0.22,0.31,0.23,0.0,0.22,0.23,0.22,0.24,0.23,0.24,0.23,0.24,0.22,0.3,0.0,0.26,0.24,0.22,0.22,0.0,0.25,0.0,0.23,0.0,0.0,0.3,0.0,0.0,0.22,0.29,0.0,0.22,0.0,0.0,0.0,0.24,0.0,0.23,0.23,0.0,0.29,0.29,0.22,0.0,0.29,0.22,0.0,0.0,0.22,0.0,0.0,0.3,0.31,0.3,0.0,0.3,0.0,0.0,0.3,0.0,0.0,0.0,0.0,0.0,0.25,0.29,0.0,0.0,0.0,0.0,0.3,0.29,0.34,0.0,0.0,0.0,0.0,0.73,0.37,0.4,0.28,0.3,0.32,0.29,0.3,0.0,0.23,0.28,0.22,0.0,0.0,0.0,0.0,0.0,0.82,0.0,0.0,0.0,0.33,0.0,0.0,0.78,0.0,0.52,0.34,0.31,0.3,0.3,0.29,0.3,0.26,0.27,0.26,0.29,0.25,0.27,0.23,0.24,0.23,0.0,0.0,0.0,0.0,0.0,0.0,0.0,0.0,0.0,0.0,0.0,0.0,0.0,0.0,0.0,0.0,0.0,0.0,0.0,0.0,0.0,0.0,0.0,0.0,0.0,0.0,75.19999999999999
12/29/2021,0.0,0.81,0.3,0.84,0.78,0.29,0.81,0.74,0.81,0.8,0.7,0.79,0.73,0.75,0.78,0.69,0.75,0.83,0.38,0.81,0.79,0.39,0.78,0.0,0.0,0.82,0.41,0.76,0.38,0.76,0.0,0.56,0.34,0.0,0.72,0.0,0.34,0.38,0.34,0.0,0.7,0.33,0.55,0.0,0.33,0.42,0.4,0.4,0.39,0.41,0.41,0.0,0.78,0.26,0.42,0.41,0.3,0.3,0.41,0.4,0.39,0.32,0.28,0.38,0.4,0.22,0.39,0.41,0.67,0.31,0.0,0.3,0.3,0.38,0.4,0.22,0.0,0.31,0.28,0.26,0.33,0.24,0.53,0.57,0.23,0.24,0.27,0.58,0.24,0.0,0.24,0.27,0.23,0.23,0.31,0.29,0.35,0.0,0.0,0.3,0.28,0.29,0.35,0.28,0.81,0.32,0.0,0.29,0.27,0.41,0.29,0.28,0.0,0.28,0.28,0.0,0.29,0.0,0.0,0.23,0.0,0.28,0.63,0.62,0.28,0.24,0.23,0.33,0.29,0.39,0.86,0.24,0.0,0.36,0.0,0.22,0.32,0.31,0.0,0.0,0.31,0.29,0.22,0.3,0.23,0.0,0.32,0.24,0.22,0.23,0.25,0.24,0.25,0.22,0.31,0.23,0.0,0.22,0.23,0.22,0.24,0.23,0.24,0.23,0.24,0.22,0.3,0.0,0.26,0.24,0.22,0.22,0.0,0.25,0.0,0.23,0.0,0.0,0.3,0.0,0.0,0.22,0.29,0.0,0.22,0.0,0.0,0.0,0.24,0.0,0.23,0.23,0.0,0.29,0.29,0.22,0.0,0.29,0.22,0.0,0.0,0.22,0.0,0.0,0.3,0.31,0.3,0.0,0.3,0.0,0.0,0.3,0.0,0.0,0.0,0.0,0.0,0.25,0.29,0.0,0.0,0.0,0.0,0.3,0.29,0.34,0.0,0.0,0.0,0.0,0.73,0.37,0.4,0.28,0.3,0.32,0.29,0.3,0.0,0.23,0.28,0.22,0.0,0.0,0.0,0.0,0.0,0.82,0.0,0.0,0.0,0.33,0.0,0.0,0.78,0.0,0.52,0.34,0.31,0.3,0.3,0.29,0.3,0.26,0.27,0.26,0.29,0.25,0.27,0.23,0.24,0.23,0.0,0.0,0.0,0.0,0.0,0.0,0.0,0.0,0.0,0.0,0.0,0.0,0.0,0.0,0.0,0.0,0.0,0.0,0.0,0.0,0.0,0.0,0.0,0.0,0.0,0.0,75.19999999999999
12/30/2021,0.0,0.82,0.3,0.82,0.77,0.3,0.8,0.74,0.82,0.79,0.7,0.78,0.72,0.74,0.76,0.69,0.75,0.82,0.39,0.79,0.79,0.39,0.78,0.0,0.0,0.85,0.41,0.75,0.39,0.76,0.0,0.56,0.35,0.0,0.7,0.0,0.34,0.38,0.34,0.0,0.7,0.34,0.55,0.0,0.34,0.41,0.4,0.39,0.39,0.41,0.4,0.0,0.76,0.26,0.41,0.41,0.3,0.3,0.41,0.38,0.39,0.32,0.28,0.38,0.39,0.22,0.39,0.41,0.63,0.31,0.0,0.3,0.3,0.38,0.4,0.23,0.0,0.31,0.28,0.26,0.33,0.24,0.53,0.57,0.23,0.24,0.27,0.58,0.23,0.0,0.24,0.28,0.23,0.23,0.31,0.29,0.35,0.0,0.0,0.3,0.27,0.29,0.35,0.28,0.82,0.32,0.0,0.29,0.27,0.41,0.29,0.28,0.0,0.29,0.28,0.0,0.29,0.0,0.0,0.23,0.0,0.28,0.62,0.61,0.29,0.24,0.23,0.33,0.29,0.39,0.86,0.24,0.0,0.35,0.0,0.22,0.32,0.32,0.0,0.0,0.3,0.29,0.0,0.31,0.22,0.0,0.32,0.24,0.22,0.23,0.25,0.24,0.25,0.22,0.31,0.23,0.0,0.22,0.23,0.0,0.24,0.23,0.24,0.23,0.24,0.22,0.3,0.0,0.27,0.24,0.22,0.22,0.0,0.24,0.0,0.22,0.0,0.0,0.31,0.0,0.22,0.22,0.29,0.0,0.0,0.0,0.0,0.0,0.24,0.0,0.23,0.23,0.22,0.29,0.29,0.22,0.0,0.29,0.22,0.0,0.0,0.22,0.0,0.0,0.3,0.32,0.3,0.0,0.3,0.0,0.0,0.3,0.0,0.0,0.0,0.0,0.0,0.24,0.28,0.0,0.0,0.0,0.0,0.29,0.29,0.35,0.0,0.22,0.0,0.0,0.72,0.36,0.39,0.28,0.29,0.32,0.29,0.3,0.0,0.23,0.29,0.22,0.0,0.0,0.0,0.0,0.0,0.82,0.0,0.0,0.0,0.34,0.0,0.0,0.78,0.0,0.52,0.35,0.31,0.3,0.31,0.3,0.3,0.26,0.27,0.26,0.28,0.25,0.27,0.23,0.24,0.24,0.0,0.0,0.0,0.0,0.0,0.0,0.0,0.0,0.0,0.0,0.0,0.0,0.0,0.0,0.0,0.0,0.0,0.0,0.0,0.0,0.0,0.0,0.0,0.0,0.0,0.0,75.02
12/31/2021,0.0,0.81,0.3,0.81,0.0,0.29,0.79,0.74,0.82,0.8,0.7,0.78,0.72,0.74,0.76,0.69,0.76,0.83,0.39,0.79,0.78,0.4,0.77,0.0,0.0,0.84,0.41,0.75,0.39,0.75,0.0,0.56,0.35,0.0,0.71,0.0,0.33,0.39,0.34,0.0,0.71,0.34,0.56,0.0,0.34,0.42,0.4,0.4,0.39,0.41,0.41,0.0,0.75,0.26,0.41,0.41,0.3,0.3,0.41,0.38,0.4,0.32,0.29,0.37,0.4,0.22,0.39,0.41,0.63,0.3,0.0,0.3,0.31,0.39,0.4,0.23,0.0,0.32,0.28,0.26,0.32,0.24,0.53,0.54,0.24,0.24,0.26,0.56,0.24,0.0,0.24,0.28,0.23,0.23,0.31,0.29,0.35,0.0,0.0,0.3,0.26,0.29,0.35,0.28,0.82,0.32,0.0,0.29,0.27,0.41,0.3,0.28,0.0,0.29,0.28,0.0,0.29,0.0,0.0,0.24,0.0,0.29,0.63,0.63,0.29,0.24,0.23,0.33,0.29,0.4,0.87,0.24,0.0,0.36,0.0,0.22,0.32,0.32,0.0,0.0,0.31,0.3,0.22,0.31,0.23,0.0,0.3,0.24,0.22,0.23,0.25,0.24,0.25,0.22,0.31,0.24,0.0,0.22,0.23,0.22,0.24,0.23,0.24,0.23,0.24,0.22,0.3,0.0,0.27,0.24,0.22,0.22,0.0,0.25,0.0,0.22,0.0,0.0,0.31,0.0,0.0,0.0,0.29,0.0,0.0,0.0,0.0,0.0,0.24,0.0,0.23,0.23,0.22,0.29,0.29,0.22,0.0,0.29,0.22,0.0,0.0,0.22,0.0,0.0,0.3,0.32,0.31,0.0,0.3,0.0,0.0,0.29,0.0,0.0,0.0,0.0,0.0,0.24,0.28,0.0,0.0,0.0,0.0,0.29,0.29,0.34,0.0,0.22,0.0,0.0,0.72,0.35,0.4,0.29,0.3,0.32,0.29,0.3,0.0,0.23,0.29,0.22,0.0,0.0,0.0,0.0,0.0,0.81,0.0,0.0,0.0,0.33,0.0,0.0,0.78,0.0,0.53,0.34,0.31,0.3,0.3,0.3,0.29,0.27,0.27,0.26,0.28,0.25,0.27,0.23,0.24,0.23,0.77,0.0,0.0,0.0,0.0,0.0,0.0,0.0,0.0,0.0,0.0,0.0,0.0,0.0,0.0,0.0,0.0,0.0,0.0,0.0,0.0,0.0,0.0,0.0,0.0,0.0,75.1
01/03/2022,0.0,0.81,0.3,0.82,0.0,0.29,0.78,0.75,0.81,0.8,0.69,0.78,0.71,0.73,0.75,0.69,0.76,0.84,0.39,0.8,0.78,0.41,0.78,0.0,0.0,0.84,0.41,0.74,0.39,0.76,0.0,0.55,0.34,0.0,0.7,0.0,0.33,0.39,0.33,0.0,0.69,0.33,0.56,0.0,0.34,0.43,0.39,0.39,0.39,0.41,0.41,0.0,0.74,0.25,0.42,0.41,0.29,0.3,0.41,0.38,0.39,0.32,0.29,0.37,0.4,0.23,0.39,0.41,0.64,0.3,0.0,0.29,0.31,0.38,0.41,0.25,0.0,0.32,0.28,0.27,0.32,0.24,0.53,0.55,0.24,0.24,0.26,0.56,0.24,0.0,0.24,0.28,0.24,0.24,0.31,0.29,0.36,0.0,0.0,0.29,0.27,0.28,0.35,0.3,0.81,0.33,0.0,0.28,0.28,0.42,0.29,0.29,0.0,0.3,0.28,0.0,0.3,0.0,0.0,0.23,0.0,0.29,0.63,0.63,0.29,0.23,0.23,0.32,0.29,0.39,0.85,0.24,0.0,0.34,0.0,0.22,0.31,0.31,0.0,0.0,0.3,0.3,0.22,0.31,0.23,0.0,0.29,0.24,0.23,0.23,0.25,0.24,0.26,0.22,0.31,0.23,0.0,0.0,0.23,0.22,0.24,0.23,0.24,0.23,0.24,0.23,0.3,0.0,0.26,0.24,0.22,0.22,0.0,0.25,0.0,0.22,0.0,0.22,0.31,0.0,0.0,0.0,0.29,0.0,0.0,0.0,0.22,0.0,0.24,0.0,0.23,0.23,0.0,0.29,0.29,0.22,0.0,0.29,0.22,0.0,0.0,0.23,0.0,0.0,0.3,0.31,0.31,0.0,0.3,0.0,0.0,0.29,0.0,0.0,0.0,0.0,0.0,0.27,0.28,0.0,0.0,0.0,0.0,0.29,0.29,0.34,0.0,0.23,0.0,0.0,0.71,0.37,0.39,0.28,0.3,0.32,0.29,0.3,0.0,0.23,0.28,0.22,0.0,0.0,0.0,0.0,0.0,0.81,0.0,0.0,0.0,0.33,0.0,0.0,0.78,0.0,0.54,0.35,0.3,0.29,0.3,0.3,0.29,0.27,0.27,0.26,0.28,0.25,0.28,0.24,0.25,0.24,0.77,0.0,0.0,0.0,0.0,0.0,0.0,0.0,0.0,0.0,0.0,0.0,0.0,0.0,0.0,0.0,0.0,0.0,0.0,0.0,0.0,0.0,0.0,0.0,0.0,0.0,75.06
01/03/2022,0.0,0.81,0.3,0.82,0.0,0.29,0.78,0.75,0.81,0.8,0.69,0.78,0.71,0.73,0.75,0.69,0.76,0.84,0.39,0.8,0.78,0.41,0.78,0.0,0.0,0.84,0.41,0.74,0.39,0.76,0.0,0.55,0.34,0.0,0.7,0.0,0.33,0.39,0.33,0.0,0.69,0.33,0.56,0.0,0.34,0.43,0.39,0.39,0.39,0.41,0.41,0.0,0.74,0.25,0.42,0.41,0.29,0.3,0.41,0.38,0.39,0.32,0.29,0.37,0.4,0.23,0.39,0.41,0.64,0.3,0.0,0.29,0.31,0.38,0.41,0.25,0.0,0.32,0.28,0.27,0.32,0.24,0.53,0.55,0.24,0.24,0.26,0.56,0.24,0.0,0.24,0.28,0.24,0.24,0.31,0.29,0.36,0.0,0.0,0.29,0.27,0.28,0.35,0.3,0.81,0.33,0.0,0.28,0.28,0.42,0.29,0.29,0.0,0.3,0.28,0.0,0.3,0.0,0.0,0.23,0.0,0.29,0.63,0.63,0.29,0.23,0.23,0.32,0.29,0.39,0.85,0.24,0.0,0.34,0.0,0.22,0.31,0.31,0.0,0.0,0.3,0.3,0.22,0.31,0.23,0.0,0.29,0.24,0.23,0.23,0.25,0.24,0.26,0.22,0.31,0.23,0.0,0.0,0.23,0.22,0.24,0.23,0.24,0.23,0.24,0.23,0.3,0.0,0.26,0.24,0.22,0.22,0.0,0.25,0.0,0.22,0.0,0.22,0.31,0.0,0.0,0.0,0.29,0.0,0.0,0.0,0.22,0.0,0.24,0.0,0.23,0.23,0.0,0.29,0.29,0.22,0.0,0.29,0.22,0.0,0.0,0.23,0.0,0.0,0.3,0.31,0.31,0.0,0.3,0.0,0.0,0.29,0.0,0.0,0.0,0.0,0.0,0.27,0.28,0.0,0.0,0.0,0.0,0.29,0.29,0.34,0.0,0.23,0.0,0.0,0.71,0.37,0.39,0.28,0.3,0.32,0.29,0.3,0.0,0.23,0.28,0.22,0.0,0.0,0.0,0.0,0.0,0.81,0.0,0.0,0.0,0.33,0.0,0.0,0.78,0.0,0.54,0.35,0.3,0.29,0.3,0.3,0.29,0.27,0.27,0.26,0.28,0.25,0.28,0.24,0.25,0.24,0.77,0.0,0.0,0.0,0.0,0.0,0.0,0.0,0.0,0.0,0.0,0.0,0.0,0.0,0.0,0.0,0.0,0.0,0.0,0.0,0.0,0.0,0.0,0.0,0.0,0.0,75.06
01/03/2022,0.0,0.81,0.3,0.82,0.0,0.29,0.78,0.75,0.81,0.8,0.69,0.78,0.71,0.73,0.75,0.69,0.76,0.84,0.39,0.8,0.78,0.41,0.78,0.0,0.0,0.84,0.41,0.74,0.39,0.76,0.0,0.55,0.34,0.0,0.7,0.0,0.33,0.39,0.33,0.0,0.69,0.33,0.56,0.0,0.34,0.43,0.39,0.39,0.39,0.41,0.41,0.0,0.74,0.25,0.42,0.41,0.29,0.3,0.41,0.38,0.39,0.32,0.29,0.37,0.4,0.23,0.39,0.41,0.64,0.3,0.0,0.29,0.31,0.38,0.41,0.25,0.0,0.32,0.28,0.27,0.32,0.24,0.53,0.55,0.24,0.24,0.26,0.56,0.24,0.0,0.24,0.28,0.24,0.24,0.31,0.29,0.36,0.0,0.0,0.29,0.27,0.28,0.35,0.3,0.81,0.33,0.0,0.28,0.28,0.42,0.29,0.29,0.0,0.3,0.28,0.0,0.3,0.0,0.0,0.23,0.0,0.29,0.63,0.63,0.29,0.23,0.23,0.32,0.29,0.39,0.85,0.24,0.0,0.34,0.0,0.22,0.31,0.31,0.0,0.0,0.3,0.3,0.22,0.31,0.23,0.0,0.29,0.24,0.23,0.23,0.25,0.24,0.26,0.22,0.31,0.23,0.0,0.0,0.23,0.22,0.24,0.23,0.24,0.23,0.24,0.23,0.3,0.0,0.26,0.24,0.22,0.22,0.0,0.25,0.0,0.22,0.0,0.22,0.31,0.0,0.0,0.0,0.29,0.0,0.0,0.0,0.22,0.0,0.24,0.0,0.23,0.23,0.0,0.29,0.29,0.22,0.0,0.29,0.22,0.0,0.0,0.23,0.0,0.0,0.3,0.31,0.31,0.0,0.3,0.0,0.0,0.29,0.0,0.0,0.0,0.0,0.0,0.27,0.28,0.0,0.0,0.0,0.0,0.29,0.29,0.34,0.0,0.23,0.0,0.0,0.71,0.37,0.39,0.28,0.3,0.32,0.29,0.3,0.0,0.23,0.28,0.22,0.0,0.0,0.0,0.0,0.0,0.81,0.0,0.0,0.0,0.33,0.0,0.0,0.78,0.0,0.54,0.35,0.3,0.29,0.3,0.3,0.29,0.27,0.27,0.26,0.28,0.25,0.28,0.24,0.25,0.24,0.77,0.0,0.0,0.0,0.0,0.0,0.0,0.0,0.0,0.0,0.0,0.0,0.0,0.0,0.0,0.0,0.0,0.0,0.0,0.0,0.0,0.0,0.0,0.0,0.0,0.0,75.06
01/04/2022,0.0,0.81,0.3,0.82,0.0,0.29,0.78,0.75,0.81,0.8,0.69,0.78,0.71,0.73,0.75,0.69,0.76,0.84,0.39,0.8,0.78,0.41,0.78,0.0,0.0,0.84,0.41,0.74,0.39,0.76,0.0,0.55,0.34,0.0,0.7,0.0,0.33,0.39,0.33,0.0,0.69,0.33,0.56,0.0,0.34,0.43,0.39,0.39,0.39,0.41,0.41,0.0,0.74,0.25,0.42,0.41,0.29,0.3,0.41,0.38,0.39,0.32,0.29,0.37,0.4,0.23,0.39,0.41,0.64,0.3,0.0,0.29,0.31,0.38,0.41,0.25,0.0,0.32,0.28,0.27,0.32,0.24,0.53,0.55,0.24,0.24,0.26,0.56,0.24,0.0,0.24,0.28,0.24,0.24,0.31,0.29,0.36,0.0,0.0,0.29,0.27,0.28,0.35,0.3,0.81,0.33,0.0,0.28,0.28,0.42,0.29,0.29,0.0,0.3,0.28,0.0,0.3,0.0,0.0,0.23,0.0,0.29,0.63,0.63,0.29,0.23,0.23,0.32,0.29,0.39,0.85,0.24,0.0,0.34,0.0,0.22,0.31,0.31,0.0,0.0,0.3,0.3,0.22,0.31,0.23,0.0,0.29,0.24,0.23,0.23,0.25,0.24,0.26,0.22,0.31,0.23,0.0,0.0,0.23,0.22,0.24,0.23,0.24,0.23,0.24,0.23,0.3,0.0,0.26,0.24,0.22,0.22,0.0,0.25,0.0,0.22,0.0,0.22,0.31,0.0,0.0,0.0,0.29,0.0,0.0,0.0,0.22,0.0,0.24,0.0,0.23,0.23,0.0,0.29,0.29,0.22,0.0,0.29,0.22,0.0,0.0,0.23,0.0,0.0,0.3,0.31,0.31,0.0,0.3,0.0,0.0,0.29,0.0,0.0,0.0,0.0,0.0,0.27,0.28,0.0,0.0,0.0,0.0,0.29,0.29,0.34,0.0,0.23,0.0,0.0,0.71,0.37,0.39,0.28,0.3,0.32,0.29,0.3,0.0,0.23,0.28,0.22,0.0,0.0,0.0,0.0,0.0,0.81,0.0,0.0,0.0,0.33,0.0,0.0,0.78,0.0,0.54,0.35,0.3,0.29,0.3,0.3,0.29,0.27,0.27,0.26,0.28,0.25,0.28,0.24,0.25,0.24,0.77,0.0,0.0,0.0,0.0,0.0,0.0,0.0,0.0,0.0,0.0,0.0,0.0,0.0,0.0,0.0,0.0,0.0,0.0,0.0,0.0,0.0,0.0,0.0,0.0,0.0,75.06
01/05/2022,0.0,0.81,0.3,0.82,0.0,0.29,0.78,0.75,0.81,0.8,0.69,0.78,0.71,0.73,0.75,0.69,0.76,0.84,0.39,0.8,0.78,0.41,0.78,0.0,0.0,0.84,0.41,0.74,0.39,0.76,0.0,0.55,0.34,0.0,0.7,0.0,0.33,0.39,0.33,0.0,0.69,0.33,0.56,0.0,0.34,0.43,0.39,0.39,0.39,0.41,0.41,0.0,0.74,0.25,0.42,0.41,0.29,0.3,0.41,0.38,0.39,0.32,0.29,0.37,0.4,0.23,0.39,0.41,0.64,0.3,0.0,0.29,0.31,0.38,0.41,0.25,0.0,0.32,0.28,0.27,0.32,0.24,0.53,0.55,0.24,0.24,0.26,0.56,0.24,0.0,0.24,0.28,0.24,0.24,0.31,0.29,0.36,0.0,0.0,0.29,0.27,0.28,0.35,0.3,0.81,0.33,0.0,0.28,0.28,0.42,0.29,0.29,0.0,0.3,0.28,0.0,0.3,0.0,0.0,0.23,0.0,0.29,0.63,0.63,0.29,0.23,0.23,0.32,0.29,0.39,0.85,0.24,0.0,0.34,0.0,0.22,0.31,0.31,0.0,0.0,0.3,0.3,0.22,0.31,0.23,0.0,0.29,0.24,0.23,0.23,0.25,0.24,0.26,0.22,0.31,0.23,0.0,0.0,0.23,0.22,0.24,0.23,0.24,0.23,0.24,0.23,0.3,0.0,0.26,0.24,0.22,0.22,0.0,0.25,0.0,0.22,0.0,0.22,0.31,0.0,0.0,0.0,0.29,0.0,0.0,0.0,0.22,0.0,0.24,0.0,0.23,0.23,0.0,0.29,0.29,0.22,0.0,0.29,0.22,0.0,0.0,0.23,0.0,0.0,0.3,0.31,0.31,0.0,0.3,0.0,0.0,0.29,0.0,0.0,0.0,0.0,0.0,0.27,0.28,0.0,0.0,0.0,0.0,0.29,0.29,0.34,0.0,0.23,0.0,0.0,0.71,0.37,0.39,0.28,0.3,0.32,0.29,0.3,0.0,0.23,0.28,0.22,0.0,0.0,0.0,0.0,0.0,0.81,0.0,0.0,0.0,0.33,0.0,0.0,0.78,0.0,0.54,0.35,0.3,0.29,0.3,0.3,0.29,0.27,0.27,0.26,0.28,0.25,0.28,0.24,0.25,0.24,0.77,0.0,0.0,0.0,0.0,0.0,0.0,0.0,0.0,0.0,0.0,0.0,0.0,0.0,0.0,0.0,0.0,0.0,0.0,0.0,0.0,0.0,0.0,0.0,0.0,0.0,75.06
01/06/2022,0.0,0.81,0.3,0.82,0.0,0.29,0.78,0.75,0.81,0.8,0.69,0.78,0.71,0.73,0.75,0.69,0.76,0.84,0.39,0.8,0.78,0.41,0.78,0.0,0.0,0.84,0.41,0.74,0.39,0.76,0.0,0.55,0.34,0.0,0.7,0.0,0.33,0.39,0.33,0.0,0.69,0.33,0.56,0.0,0.34,0.43,0.39,0.39,0.39,0.41,0.41,0.0,0.74,0.25,0.42,0.41,0.29,0.3,0.41,0.38,0.39,0.32,0.29,0.37,0.4,0.23,0.39,0.41,0.64,0.3,0.0,0.29,0.31,0.38,0.41,0.25,0.0,0.32,0.28,0.27,0.32,0.24,0.53,0.55,0.24,0.24,0.26,0.56,0.24,0.0,0.24,0.28,0.24,0.24,0.31,0.29,0.36,0.0,0.0,0.29,0.27,0.28,0.35,0.3,0.81,0.33,0.0,0.28,0.28,0.42,0.29,0.29,0.0,0.3,0.28,0.0,0.3,0.0,0.0,0.23,0.0,0.29,0.63,0.63,0.29,0.23,0.23,0.32,0.29,0.39,0.85,0.24,0.0,0.34,0.0,0.22,0.31,0.31,0.0,0.0,0.3,0.3,0.22,0.31,0.23,0.0,0.29,0.24,0.23,0.23,0.25,0.24,0.26,0.22,0.31,0.23,0.0,0.0,0.23,0.22,0.24,0.23,0.24,0.23,0.24,0.23,0.3,0.0,0.26,0.24,0.22,0.22,0.0,0.25,0.0,0.22,0.0,0.22,0.31,0.0,0.0,0.0,0.29,0.0,0.0,0.0,0.22,0.0,0.24,0.0,0.23,0.23,0.0,0.29,0.29,0.22,0.0,0.29,0.22,0.0,0.0,0.23,0.0,0.0,0.3,0.31,0.31,0.0,0.3,0.0,0.0,0.29,0.0,0.0,0.0,0.0,0.0,0.27,0.28,0.0,0.0,0.0,0.0,0.29,0.29,0.34,0.0,0.23,0.0,0.0,0.71,0.37,0.39,0.28,0.3,0.32,0.29,0.3,0.0,0.23,0.28,0.22,0.0,0.0,0.0,0.0,0.0,0.81,0.0,0.0,0.0,0.33,0.0,0.0,0.78,0.0,0.54,0.35,0.3,0.29,0.3,0.3,0.29,0.27,0.27,0.26,0.28,0.25,0.28,0.24,0.25,0.24,0.77,0.0,0.0,0.0,0.0,0.0,0.0,0.0,0.0,0.0,0.0,0.0,0.0,0.0,0.0,0.0,0.0,0.0,0.0,0.0,0.0,0.0,0.0,0.0,0.0,0.0,75.06
01/07/2022,0.0,0.81,0.3,0.78,0.0,0.28,0.78,0.79,0.79,0.84,0.69,0.77,0.72,0.73,0.8,0.71,0.78,0.81,0.41,0.77,0.78,0.41,0.76,0.0,0.0,0.85,0.41,0.76,0.39,0.69,0.0,0.56,0.33,0.0,0.71,0.0,0.33,0.39,0.33,0.0,0.69,0.32,0.57,0.0,0.34,0.44,0.42,0.41,0.39,0.42,0.41,0.0,0.74,0.28,0.4,0.38,0.29,0.3,0.4,0.38,0.41,0.32,0.28,0.37,0.4,0.22,0.41,0.41,0.61,0.31,0.0,0.29,0.31,0.39,0.4,0.24,0.0,0.32,0.29,0.28,0.31,0.24,0.48,0.48,0.25,0.25,0.28,0.52,0.24,0.0,0.23,0.27,0.24,0.23,0.3,0.29,0.35,0.0,0.0,0.28,0.25,0.28,0.34,0.29,0.76,0.32,0.0,0.3,0.28,0.41,0.29,0.28,0.0,0.29,0.27,0.0,0.3,0.0,0.0,0.24,0.0,0.28,0.63,0.64,0.28,0.24,0.24,0.33,0.29,0.39,0.79,0.25,0.0,0.35,0.0,0.0,0.32,0.31,0.0,0.0,0.31,0.29,0.0,0.31,0.23,0.0,0.29,0.24,0.22,0.23,0.25,0.24,0.24,0.22,0.32,0.24,0.0,0.0,0.23,0.22,0.24,0.24,0.23,0.24,0.24,0.23,0.3,0.0,0.3,0.24,0.23,0.23,0.0,0.25,0.0,0.0,0.0,0.23,0.31,0.0,0.22,0.0,0.29,0.22,0.0,0.0,0.22,0.0,0.24,0.0,0.23,0.23,0.22,0.29,0.29,0.22,0.0,0.29,0.22,0.0,0.0,0.22,0.0,0.0,0.3,0.31,0.32,0.0,0.29,0.0,0.0,0.27,0.0,0.0,0.0,0.0,0.0,0.28,0.27,0.0,0.0,0.0,0.0,0.29,0.29,0.33,0.0,0.22,0.0,0.0,0.72,0.35,0.41,0.29,0.32,0.32,0.31,0.28,0.0,0.24,0.29,0.22,0.0,0.0,0.0,0.0,0.0,0.81,0.0,0.0,0.0,0.31,0.0,0.0,0.78,0.0,0.56,0.34,0.29,0.29,0.28,0.29,0.31,0.27,0.27,0.26,0.29,0.26,0.29,0.24,0.26,0.23,0.8,0.0,0.0,0.0,0.0,0.0,0.0,0.0,0.0,0.0,0.0,0.0,0.0,0.0,0.0,0.0,0.0,0.0,0.0,0.0,0.0,0.0,0.0,0.0,0.0,0.0,74.92
01/10/2022,0.0,0.81,0.3,0.76,0.0,0.28,0.77,0.8,0.81,0.83,0.69,0.79,0.71,0.75,0.79,0.72,0.8,0.81,0.41,0.74,0.79,0.42,0.75,0.0,0.0,0.84,0.42,0.77,0.39,0.69,0.0,0.56,0.31,0.0,0.7,0.0,0.32,0.4,0.33,0.0,0.71,0.3,0.58,0.0,0.32,0.44,0.41,0.41,0.39,0.42,0.42,0.0,0.73,0.28,0.4,0.38,0.29,0.29,0.39,0.38,0.41,0.31,0.28,0.37,0.4,0.0,0.42,0.42,0.58,0.31,0.0,0.29,0.31,0.39,0.41,0.24,0.0,0.32,0.28,0.27,0.31,0.24,0.49,0.46,0.25,0.25,0.28,0.49,0.24,0.0,0.23,0.27,0.24,0.23,0.3,0.29,0.36,0.0,0.0,0.28,0.24,0.28,0.35,0.28,0.78,0.32,0.0,0.31,0.27,0.4,0.29,0.28,0.0,0.29,0.27,0.0,0.3,0.0,0.0,0.24,0.0,0.28,0.64,0.66,0.28,0.25,0.25,0.33,0.29,0.39,0.77,0.25,0.0,0.36,0.0,0.0,0.32,0.31,0.0,0.0,0.3,0.3,0.22,0.3,0.23,0.0,0.28,0.24,0.23,0.23,0.25,0.24,0.25,0.23,0.32,0.24,0.0,0.0,0.23,0.22,0.24,0.24,0.23,0.24,0.24,0.24,0.3,0.0,0.3,0.25,0.23,0.23,0.0,0.25,0.0,0.0,0.0,0.23,0.31,0.0,0.23,0.0,0.29,0.22,0.22,0.0,0.22,0.0,0.24,0.0,0.23,0.24,0.22,0.29,0.3,0.23,0.0,0.29,0.23,0.0,0.0,0.23,0.0,0.0,0.3,0.3,0.31,0.0,0.29,0.0,0.0,0.26,0.0,0.0,0.0,0.0,0.0,0.28,0.26,0.0,0.0,0.0,0.0,0.28,0.3,0.31,0.0,0.23,0.0,0.0,0.74,0.31,0.43,0.29,0.33,0.33,0.31,0.28,0.0,0.25,0.28,0.0,0.0,0.0,0.0,0.0,0.0,0.8,0.0,0.0,0.0,0.29,0.0,0.0,0.73,0.0,0.56,0.33,0.27,0.29,0.28,0.29,0.3,0.27,0.26,0.26,0.3,0.26,0.3,0.24,0.25,0.23,0.83,0.0,0.0,0.0,0.0,0.0,0.0,0.0,0.0,0.0,0.0,0.0,0.0,0.0,0.0,0.0,0.0,0.0,0.0,0.0,0.0,0.0,0.0,0.0,0.0,0.0,74.83000000000001
01/11/2022,0.0,0.82,0.29,0.79,0.0,0.28,0.77,0.79,0.78,0.83,0.67,0.78,0.69,0.75,0.82,0.73,0.81,0.8,0.42,0.78,0.79,0.44,0.73,0.0,0.0,0.82,0.42,0.79,0.39,0.71,0.0,0.55,0.31,0.0,0.63,0.0,0.31,0.42,0.32,0.0,0.74,0.3,0.59,0.0,0.31,0.47,0.43,0.42,0.4,0.43,0.42,0.0,0.76,0.29,0.4,0.39,0.29,0.29,0.4,0.39,0.42,0.32,0.29,0.37,0.4,0.0,0.42,0.42,0.57,0.3,0.0,0.29,0.31,0.4,0.42,0.23,0.0,0.33,0.28,0.28,0.3,0.24,0.48,0.44,0.25,0.24,0.27,0.49,0.24,0.0,0.23,0.27,0.23,0.23,0.28,0.29,0.36,0.0,0.0,0.27,0.24,0.28,0.35,0.27,0.75,0.33,0.0,0.31,0.28,0.39,0.29,0.27,0.0,0.29,0.26,0.0,0.3,0.0,0.0,0.26,0.0,0.26,0.64,0.67,0.26,0.26,0.26,0.34,0.29,0.38,0.73,0.27,0.0,0.37,0.0,0.0,0.33,0.32,0.0,0.0,0.3,0.3,0.22,0.31,0.24,0.0,0.28,0.24,0.23,0.23,0.24,0.24,0.24,0.23,0.31,0.23,0.0,0.0,0.22,0.22,0.24,0.24,0.24,0.26,0.24,0.24,0.31,0.0,0.32,0.26,0.23,0.23,0.0,0.26,0.0,0.0,0.0,0.24,0.31,0.0,0.22,0.22,0.29,0.22,0.0,0.0,0.23,0.0,0.25,0.0,0.23,0.24,0.0,0.29,0.3,0.23,0.0,0.3,0.23,0.0,0.0,0.23,0.0,0.0,0.31,0.32,0.3,0.0,0.28,0.0,0.0,0.26,0.0,0.0,0.0,0.0,0.0,0.28,0.26,0.0,0.0,0.0,0.0,0.28,0.3,0.29,0.0,0.23,0.0,0.0,0.75,0.34,0.45,0.3,0.32,0.33,0.32,0.26,0.0,0.26,0.29,0.22,0.0,0.0,0.0,0.0,0.0,0.79,0.0,0.0,0.0,0.28,0.0,0.0,0.72,0.0,0.53,0.32,0.26,0.29,0.27,0.29,0.3,0.26,0.26,0.27,0.29,0.27,0.31,0.24,0.25,0.22,0.85,0.0,0.0,0.0,0.0,0.0,0.0,0.0,0.0,0.0,0.0,0.0,0.0,0.0,0.0,0.0,0.0,0.0,0.0,0.0,0.0,0.0,0.0,0.0,0.0,0.0,74.96
01/12/2022,0.0,0.82,0.29,0.79,0.0,0.28,0.77,0.79,0.78,0.83,0.67,0.78,0.69,0.75,0.82,0.73,0.81,0.8,0.42,0.78,0.79,0.44,0.73,0.0,0.0,0.82,0.42,0.79,0.39,0.71,0.0,0.55,0.31,0.0,0.63,0.0,0.31,0.42,0.32,0.0,0.74,0.3,0.59,0.0,0.31,0.47,0.43,0.42,0.4,0.43,0.42,0.0,0.76,0.29,0.4,0.39,0.29,0.29,0.4,0.39,0.42,0.32,0.29,0.37,0.4,0.0,0.42,0.42,0.57,0.3,0.0,0.29,0.31,0.4,0.42,0.23,0.0,0.33,0.28,0.28,0.3,0.24,0.48,0.44,0.25,0.24,0.27,0.49,0.24,0.0,0.23,0.27,0.23,0.23,0.28,0.29,0.36,0.0,0.0,0.27,0.24,0.28,0.35,0.27,0.75,0.33,0.0,0.31,0.28,0.39,0.29,0.27,0.0,0.29,0.26,0.0,0.3,0.0,0.0,0.26,0.0,0.26,0.64,0.67,0.26,0.26,0.26,0.34,0.29,0.38,0.73,0.27,0.0,0.37,0.0,0.0,0.33,0.32,0.0,0.0,0.3,0.3,0.22,0.31,0.24,0.0,0.28,0.24,0.23,0.23,0.24,0.24,0.24,0.23,0.31,0.23,0.0,0.0,0.22,0.22,0.24,0.24,0.24,0.26,0.24,0.24,0.31,0.0,0.32,0.26,0.23,0.23,0.0,0.26,0.0,0.0,0.0,0.24,0.31,0.0,0.22,0.22,0.29,0.22,0.0,0.0,0.23,0.0,0.25,0.0,0.23,0.24,0.0,0.29,0.3,0.23,0.0,0.3,0.23,0.0,0.0,0.23,0.0,0.0,0.31,0.32,0.3,0.0,0.28,0.0,0.0,0.26,0.0,0.0,0.0,0.0,0.0,0.28,0.26,0.0,0.0,0.0,0.0,0.28,0.3,0.29,0.0,0.23,0.0,0.0,0.75,0.34,0.45,0.3,0.32,0.33,0.32,0.26,0.0,0.26,0.29,0.22,0.0,0.0,0.0,0.0,0.0,0.79,0.0,0.0,0.0,0.28,0.0,0.0,0.72,0.0,0.53,0.32,0.26,0.29,0.27,0.29,0.3,0.26,0.26,0.27,0.29,0.27,0.31,0.24,0.25,0.22,0.85,0.0,0.0,0.0,0.0,0.0,0.0,0.0,0.0,0.0,0.0,0.0,0.0,0.0,0.0,0.0,0.0,0.0,0.0,0.0,0.0,0.0,0.0,0.0,0.0,0.0,74.96
01/13/2022,0.0,0.82,0.29,0.79,0.0,0.28,0.77,0.79,0.78,0.83,0.67,0.78,0.69,0.75,0.82,0.73,0.81,0.8,0.42,0.78,0.79,0.44,0.73,0.0,0.0,0.82,0.42,0.79,0.39,0.71,0.0,0.55,0.31,0.0,0.63,0.0,0.31,0.42,0.32,0.0,0.74,0.3,0.59,0.0,0.31,0.47,0.43,0.42,0.4,0.43,0.42,0.0,0.76,0.29,0.4,0.39,0.29,0.29,0.4,0.39,0.42,0.32,0.29,0.37,0.4,0.0,0.42,0.42,0.57,0.3,0.0,0.29,0.31,0.4,0.42,0.23,0.0,0.33,0.28,0.28,0.3,0.24,0.48,0.44,0.25,0.24,0.27,0.49,0.24,0.0,0.23,0.27,0.23,0.23,0.28,0.29,0.36,0.0,0.0,0.27,0.24,0.28,0.35,0.27,0.75,0.33,0.0,0.31,0.28,0.39,0.29,0.27,0.0,0.29,0.26,0.0,0.3,0.0,0.0,0.26,0.0,0.26,0.64,0.67,0.26,0.26,0.26,0.34,0.29,0.38,0.73,0.27,0.0,0.37,0.0,0.0,0.33,0.32,0.0,0.0,0.3,0.3,0.22,0.31,0.24,0.0,0.28,0.24,0.23,0.23,0.24,0.24,0.24,0.23,0.31,0.23,0.0,0.0,0.22,0.22,0.24,0.24,0.24,0.26,0.24,0.24,0.31,0.0,0.32,0.26,0.23,0.23,0.0,0.26,0.0,0.0,0.0,0.24,0.31,0.0,0.22,0.22,0.29,0.22,0.0,0.0,0.23,0.0,0.25,0.0,0.23,0.24,0.0,0.29,0.3,0.23,0.0,0.3,0.23,0.0,0.0,0.23,0.0,0.0,0.31,0.32,0.3,0.0,0.28,0.0,0.0,0.26,0.0,0.0,0.0,0.0,0.0,0.28,0.26,0.0,0.0,0.0,0.0,0.28,0.3,0.29,0.0,0.23,0.0,0.0,0.75,0.34,0.45,0.3,0.32,0.33,0.32,0.26,0.0,0.26,0.29,0.22,0.0,0.0,0.0,0.0,0.0,0.79,0.0,0.0,0.0,0.28,0.0,0.0,0.72,0.0,0.53,0.32,0.26,0.29,0.27,0.29,0.3,0.26,0.26,0.27,0.29,0.27,0.31,0.24,0.25,0.22,0.85,0.0,0.0,0.0,0.0,0.0,0.0,0.0,0.0,0.0,0.0,0.0,0.0,0.0,0.0,0.0,0.0,0.0,0.0,0.0,0.0,0.0,0.0,0.0,0.0,0.0,74.96
01/14/2022,0.0,0.83,0.29,0.79,0.0,0.29,0.78,0.8,0.79,0.86,0.65,0.78,0.66,0.75,0.83,0.73,0.8,0.77,0.41,0.77,0.78,0.43,0.71,0.0,0.0,0.84,0.42,0.8,0.38,0.73,0.0,0.56,0.3,0.0,0.63,0.0,0.31,0.41,0.34,0.0,0.81,0.3,0.58,0.0,0.31,0.46,0.43,0.42,0.4,0.43,0.42,0.0,0.73,0.29,0.39,0.37,0.29,0.29,0.4,0.38,0.42,0.33,0.28,0.36,0.39,0.0,0.41,0.42,0.57,0.31,0.0,0.29,0.32,0.41,0.42,0.23,0.0,0.31,0.28,0.28,0.31,0.23,0.49,0.45,0.25,0.23,0.28,0.5,0.24,0.0,0.24,0.27,0.22,0.23,0.29,0.29,0.36,0.0,0.0,0.28,0.23,0.29,0.33,0.26,0.75,0.33,0.0,0.31,0.3,0.4,0.29,0.27,0.0,0.28,0.26,0.0,0.29,0.0,0.0,0.25,0.0,0.27,0.62,0.66,0.27,0.26,0.25,0.33,0.29,0.38,0.79,0.27,0.0,0.36,0.0,0.0,0.33,0.32,0.0,0.0,0.3,0.3,0.22,0.31,0.23,0.0,0.29,0.24,0.22,0.23,0.24,0.24,0.24,0.23,0.3,0.23,0.0,0.0,0.22,0.22,0.24,0.23,0.24,0.27,0.24,0.24,0.32,0.0,0.32,0.26,0.23,0.23,0.0,0.26,0.0,0.0,0.0,0.23,0.3,0.0,0.22,0.0,0.3,0.22,0.22,0.0,0.22,0.0,0.25,0.0,0.22,0.24,0.21,0.29,0.3,0.23,0.0,0.3,0.22,0.0,0.0,0.22,0.0,0.0,0.3,0.33,0.31,0.0,0.28,0.0,0.0,0.27,0.0,0.0,0.0,0.0,0.0,0.28,0.26,0.0,0.0,0.0,0.0,0.29,0.3,0.3,0.0,0.22,0.0,0.0,0.76,0.31,0.44,0.31,0.32,0.33,0.34,0.26,0.0,0.26,0.3,0.0,0.0,0.0,0.0,0.0,0.0,0.8,0.0,0.0,0.0,0.28,0.0,0.0,0.72,0.0,0.54,0.32,0.28,0.31,0.28,0.3,0.32,0.26,0.26,0.27,0.32,0.26,0.31,0.24,0.25,0.22,0.85,0.0,0.0,0.0,0.0,0.0,0.0,0.0,0.0,0.0,0.0,0.0,0.0,0.0,0.0,0.0,0.0,0.0,0.0,0.0,0.0,0.0,0.0,0.0,0.0,0.0,75.03999999999999
01/17/2022,0.0,0.82,0.3,0.76,0.0,0.28,0.77,0.81,0.77,0.85,0.66,0.79,0.64,0.77,0.84,0.72,0.8,0.75,0.42,0.73,0.78,0.44,0.69,0.0,0.0,0.85,0.43,0.77,0.39,0.74,0.0,0.56,0.3,0.0,0.67,0.0,0.31,0.41,0.34,0.0,0.79,0.28,0.59,0.0,0.31,0.47,0.44,0.43,0.4,0.42,0.43,0.0,0.72,0.3,0.38,0.37,0.29,0.28,0.39,0.37,0.42,0.32,0.28,0.39,0.39,0.0,0.4,0.42,0.55,0.31,0.0,0.28,0.32,0.42,0.42,0.23,0.0,0.32,0.28,0.28,0.3,0.23,0.48,0.41,0.25,0.23,0.29,0.47,0.24,0.0,0.24,0.27,0.23,0.23,0.28,0.29,0.37,0.0,0.0,0.27,0.22,0.29,0.34,0.26,0.74,0.32,0.0,0.32,0.29,0.41,0.3,0.28,0.0,0.28,0.27,0.0,0.3,0.0,0.0,0.26,0.0,0.28,0.61,0.67,0.32,0.26,0.26,0.33,0.29,0.38,0.73,0.27,0.0,0.37,0.0,0.0,0.33,0.31,0.0,0.0,0.3,0.3,0.22,0.3,0.23,0.0,0.28,0.24,0.23,0.23,0.24,0.24,0.24,0.23,0.3,0.23,0.0,0.0,0.23,0.22,0.24,0.24,0.24,0.27,0.25,0.25,0.33,0.0,0.32,0.27,0.23,0.23,0.0,0.27,0.0,0.0,0.0,0.23,0.31,0.0,0.24,0.22,0.3,0.22,0.22,0.0,0.22,0.0,0.25,0.0,0.22,0.24,0.22,0.29,0.31,0.23,0.0,0.29,0.22,0.0,0.0,0.22,0.0,0.0,0.31,0.33,0.31,0.0,0.28,0.0,0.0,0.25,0.0,0.0,0.0,0.0,0.0,0.28,0.25,0.0,0.0,0.0,0.0,0.28,0.31,0.28,0.0,0.23,0.0,0.0,0.73,0.3,0.45,0.31,0.32,0.33,0.35,0.25,0.0,0.26,0.31,0.0,0.0,0.0,0.0,0.0,0.0,0.8,0.0,0.0,0.0,0.27,0.0,0.0,0.68,0.0,0.54,0.32,0.28,0.3,0.27,0.3,0.29,0.26,0.25,0.28,0.32,0.26,0.31,0.25,0.25,0.0,0.86,0.0,0.0,0.0,0.0,0.0,0.0,0.0,0.0,0.0,0.0,0.0,0.0,0.0,0.0,0.0,0.0,0.0,0.0,0.0,0.0,0.0,0.0,0.0,0.0,0.0,74.88
01/18/2022,0.0,0.83,0.31,0.76,0.0,0.28,0.78,0.81,0.77,0.86,0.66,0.79,0.62,0.76,0.85,0.73,0.82,0.75,0.42,0.72,0.77,0.44,0.7,0.0,0.0,0.88,0.43,0.77,0.39,0.77,0.0,0.57,0.3,0.0,0.66,0.0,0.31,0.41,0.35,0.0,0.79,0.28,0.59,0.0,0.31,0.48,0.44,0.43,0.4,0.42,0.44,0.0,0.73,0.31,0.38,0.36,0.28,0.28,0.39,0.34,0.41,0.32,0.27,0.39,0.39,0.0,0.4,0.41,0.56,0.31,0.0,0.28,0.32,0.43,0.41,0.23,0.0,0.32,0.29,0.27,0.29,0.23,0.47,0.42,0.24,0.22,0.29,0.46,0.25,0.0,0.23,0.27,0.23,0.23,0.28,0.29,0.37,0.0,0.0,0.27,0.22,0.29,0.33,0.25,0.74,0.32,0.0,0.32,0.29,0.42,0.29,0.27,0.0,0.27,0.26,0.0,0.3,0.0,0.0,0.27,0.0,0.28,0.61,0.68,0.32,0.26,0.26,0.33,0.29,0.38,0.72,0.28,0.0,0.37,0.0,0.0,0.33,0.31,0.0,0.0,0.29,0.3,0.23,0.3,0.23,0.0,0.28,0.23,0.23,0.23,0.24,0.24,0.24,0.23,0.29,0.23,0.0,0.0,0.22,0.23,0.24,0.24,0.24,0.27,0.25,0.25,0.34,0.0,0.33,0.27,0.23,0.23,0.0,0.27,0.0,0.0,0.0,0.23,0.31,0.0,0.24,0.0,0.29,0.22,0.22,0.0,0.0,0.0,0.25,0.0,0.22,0.25,0.0,0.29,0.31,0.23,0.0,0.29,0.23,0.0,0.0,0.22,0.0,0.0,0.3,0.33,0.31,0.0,0.28,0.0,0.0,0.24,0.0,0.0,0.0,0.0,0.0,0.28,0.25,0.0,0.0,0.0,0.0,0.27,0.31,0.28,0.0,0.23,0.0,0.0,0.73,0.28,0.46,0.33,0.32,0.33,0.36,0.24,0.0,0.27,0.32,0.22,0.0,0.0,0.0,0.0,0.0,0.8,0.0,0.0,0.0,0.28,0.0,0.0,0.68,0.0,0.56,0.32,0.27,0.3,0.27,0.3,0.27,0.26,0.25,0.27,0.32,0.26,0.31,0.24,0.24,0.0,0.87,0.22,0.22,0.0,0.0,0.0,0.0,0.0,0.0,0.0,0.0,0.0,0.0,0.0,0.0,0.0,0.0,0.0,0.0,0.0,0.0,0.0,0.0,0.0,0.0,0.0,74.88
01/19/2022,0.0,0.83,0.31,0.76,0.0,0.28,0.78,0.81,0.77,0.86,0.66,0.79,0.62,0.76,0.85,0.73,0.82,0.75,0.42,0.72,0.77,0.44,0.7,0.0,0.0,0.88,0.43,0.77,0.39,0.77,0.0,0.57,0.3,0.0,0.66,0.0,0.31,0.41,0.35,0.0,0.79,0.28,0.59,0.0,0.31,0.48,0.44,0.43,0.4,0.42,0.44,0.0,0.73,0.31,0.38,0.36,0.28,0.28,0.39,0.34,0.41,0.32,0.27,0.39,0.39,0.0,0.4,0.41,0.56,0.31,0.0,0.28,0.32,0.43,0.41,0.23,0.0,0.32,0.29,0.27,0.29,0.23,0.47,0.42,0.24,0.22,0.29,0.46,0.25,0.0,0.23,0.27,0.23,0.23,0.28,0.29,0.37,0.0,0.0,0.27,0.22,0.29,0.33,0.25,0.74,0.32,0.0,0.32,0.29,0.42,0.29,0.27,0.0,0.27,0.26,0.0,0.3,0.0,0.0,0.27,0.0,0.28,0.61,0.68,0.32,0.26,0.26,0.33,0.29,0.38,0.72,0.28,0.0,0.37,0.0,0.0,0.33,0.31,0.0,0.0,0.29,0.3,0.23,0.3,0.23,0.0,0.28,0.23,0.23,0.23,0.24,0.24,0.24,0.23,0.29,0.23,0.0,0.0,0.22,0.23,0.24,0.24,0.24,0.27,0.25,0.25,0.34,0.0,0.33,0.27,0.23,0.23,0.0,0.27,0.0,0.0,0.0,0.23,0.31,0.0,0.24,0.0,0.29,0.22,0.22,0.0,0.0,0.0,0.25,0.0,0.22,0.25,0.0,0.29,0.31,0.23,0.0,0.29,0.23,0.0,0.0,0.22,0.0,0.0,0.3,0.33,0.31,0.0,0.28,0.0,0.0,0.24,0.0,0.0,0.0,0.0,0.0,0.28,0.25,0.0,0.0,0.0,0.0,0.27,0.31,0.28,0.0,0.23,0.0,0.0,0.73,0.28,0.46,0.33,0.32,0.33,0.36,0.24,0.0,0.27,0.32,0.22,0.0,0.0,0.0,0.0,0.0,0.8,0.0,0.0,0.0,0.28,0.0,0.0,0.68,0.0,0.56,0.32,0.27,0.3,0.27,0.3,0.27,0.26,0.25,0.27,0.32,0.26,0.31,0.24,0.24,0.0,0.87,0.22,0.22,0.0,0.0,0.0,0.0,0.0,0.0,0.0,0.0,0.0,0.0,0.0,0.0,0.0,0.0,0.0,0.0,0.0,0.0,0.0,0.0,0.0,0.0,0.0,74.88
01/20/2022,0.0,0.83,0.31,0.76,0.0,0.28,0.78,0.81,0.77,0.86,0.66,0.79,0.62,0.76,0.85,0.73,0.82,0.75,0.42,0.72,0.77,0.44,0.7,0.0,0.0,0.88,0.43,0.77,0.39,0.77,0.0,0.57,0.3,0.0,0.66,0.0,0.31,0.41,0.35,0.0,0.79,0.28,0.59,0.0,0.31,0.48,0.44,0.43,0.4,0.42,0.44,0.0,0.73,0.31,0.38,0.36,0.28,0.28,0.39,0.34,0.41,0.32,0.27,0.39,0.39,0.0,0.4,0.41,0.56,0.31,0.0,0.28,0.32,0.43,0.41,0.23,0.0,0.32,0.29,0.27,0.29,0.23,0.47,0.42,0.24,0.22,0.29,0.46,0.25,0.0,0.23,0.27,0.23,0.23,0.28,0.29,0.37,0.0,0.0,0.27,0.22,0.29,0.33,0.25,0.74,0.32,0.0,0.32,0.29,0.42,0.29,0.27,0.0,0.27,0.26,0.0,0.3,0.0,0.0,0.27,0.0,0.28,0.61,0.68,0.32,0.26,0.26,0.33,0.29,0.38,0.72,0.28,0.0,0.37,0.0,0.0,0.33,0.31,0.0,0.0,0.29,0.3,0.23,0.3,0.23,0.0,0.28,0.23,0.23,0.23,0.24,0.24,0.24,0.23,0.29,0.23,0.0,0.0,0.22,0.23,0.24,0.24,0.24,0.27,0.25,0.25,0.34,0.0,0.33,0.27,0.23,0.23,0.0,0.27,0.0,0.0,0.0,0.23,0.31,0.0,0.24,0.0,0.29,0.22,0.22,0.0,0.0,0.0,0.25,0.0,0.22,0.25,0.0,0.29,0.31,0.23,0.0,0.29,0.23,0.0,0.0,0.22,0.0,0.0,0.3,0.33,0.31,0.0,0.28,0.0,0.0,0.24,0.0,0.0,0.0,0.0,0.0,0.28,0.25,0.0,0.0,0.0,0.0,0.27,0.31,0.28,0.0,0.23,0.0,0.0,0.73,0.28,0.46,0.33,0.32,0.33,0.36,0.24,0.0,0.27,0.32,0.22,0.0,0.0,0.0,0.0,0.0,0.8,0.0,0.0,0.0,0.28,0.0,0.0,0.68,0.0,0.56,0.32,0.27,0.3,0.27,0.3,0.27,0.26,0.25,0.27,0.32,0.26,0.31,0.24,0.24,0.0,0.87,0.22,0.22,0.0,0.0,0.0,0.0,0.0,0.0,0.0,0.0,0.0,0.0,0.0,0.0,0.0,0.0,0.0,0.0,0.0,0.0,0.0,0.0,0.0,0.0,0.0,74.88
01/21/2022,0.0,0.83,0.31,0.77,0.0,0.28,0.77,0.8,0.77,0.85,0.66,0.8,0.61,0.77,0.86,0.75,0.82,0.77,0.42,0.71,0.78,0.45,0.68,0.0,0.0,0.86,0.44,0.78,0.39,0.78,0.0,0.57,0.29,0.0,0.64,0.0,0.3,0.42,0.34,0.0,0.8,0.27,0.6,0.0,0.31,0.48,0.44,0.44,0.41,0.43,0.45,0.0,0.72,0.32,0.36,0.37,0.28,0.28,0.38,0.35,0.4,0.33,0.27,0.39,0.38,0.0,0.39,0.41,0.53,0.3,0.0,0.28,0.33,0.43,0.43,0.23,0.0,0.33,0.28,0.27,0.28,0.24,0.46,0.41,0.25,0.22,0.29,0.45,0.25,0.0,0.25,0.28,0.22,0.23,0.28,0.3,0.39,0.0,0.0,0.27,0.0,0.29,0.34,0.26,0.73,0.33,0.0,0.33,0.3,0.41,0.3,0.27,0.0,0.26,0.26,0.0,0.3,0.0,0.0,0.27,0.0,0.27,0.57,0.69,0.3,0.27,0.26,0.33,0.29,0.37,0.69,0.28,0.0,0.37,0.0,0.0,0.33,0.31,0.0,0.0,0.29,0.31,0.23,0.29,0.23,0.0,0.29,0.24,0.23,0.24,0.24,0.25,0.24,0.23,0.3,0.23,0.0,0.0,0.23,0.23,0.25,0.24,0.25,0.27,0.25,0.24,0.34,0.0,0.33,0.27,0.22,0.23,0.0,0.27,0.0,0.0,0.0,0.22,0.31,0.0,0.23,0.22,0.29,0.22,0.23,0.0,0.0,0.0,0.25,0.0,0.22,0.25,0.0,0.3,0.31,0.24,0.0,0.3,0.23,0.0,0.0,0.23,0.0,0.0,0.3,0.33,0.32,0.0,0.28,0.0,0.0,0.24,0.0,0.0,0.0,0.0,0.0,0.28,0.26,0.0,0.0,0.0,0.0,0.28,0.31,0.26,0.0,0.23,0.0,0.0,0.75,0.27,0.46,0.34,0.32,0.34,0.36,0.24,0.0,0.27,0.33,0.22,0.0,0.0,0.0,0.0,0.0,0.8,0.0,0.0,0.0,0.27,0.0,0.0,0.64,0.0,0.53,0.32,0.28,0.3,0.26,0.3,0.28,0.27,0.25,0.27,0.32,0.26,0.31,0.24,0.24,0.0,0.88,0.22,0.21,0.0,0.0,0.0,0.0,0.0,0.0,0.0,0.0,0.0,0.0,0.0,0.0,0.0,0.0,0.0,0.0,0.0,0.0,0.0,0.0,0.0,0.0,0.0,74.94000000000001
01/24/2022,0.0,0.81,0.31,0.75,0.0,0.29,0.79,0.8,0.75,0.87,0.66,0.83,0.63,0.76,0.87,0.74,0.81,0.78,0.42,0.73,0.79,0.45,0.69,0.0,0.0,0.83,0.43,0.83,0.4,0.75,0.0,0.55,0.27,0.0,0.65,0.0,0.28,0.41,0.34,0.0,0.8,0.26,0.58,0.0,0.3,0.47,0.44,0.43,0.41,0.44,0.45,0.0,0.73,0.31,0.36,0.37,0.28,0.28,0.39,0.36,0.41,0.34,0.27,0.42,0.39,0.0,0.39,0.41,0.53,0.31,0.0,0.28,0.34,0.42,0.42,0.22,0.0,0.33,0.28,0.27,0.29,0.23,0.48,0.43,0.24,0.22,0.31,0.46,0.26,0.0,0.25,0.28,0.22,0.23,0.28,0.29,0.37,0.0,0.0,0.27,0.22,0.29,0.34,0.25,0.76,0.32,0.0,0.31,0.3,0.43,0.3,0.27,0.0,0.27,0.24,0.0,0.29,0.0,0.0,0.26,0.0,0.26,0.57,0.7,0.29,0.26,0.25,0.32,0.29,0.37,0.68,0.28,0.0,0.37,0.0,0.0,0.33,0.3,0.0,0.0,0.28,0.31,0.23,0.29,0.24,0.0,0.28,0.24,0.24,0.24,0.24,0.25,0.24,0.24,0.3,0.24,0.0,0.0,0.22,0.24,0.24,0.23,0.25,0.27,0.25,0.23,0.34,0.0,0.33,0.26,0.0,0.23,0.0,0.28,0.0,0.22,0.0,0.22,0.31,0.0,0.22,0.22,0.3,0.21,0.23,0.0,0.0,0.0,0.26,0.0,0.22,0.25,0.0,0.3,0.32,0.24,0.0,0.3,0.22,0.0,0.0,0.23,0.0,0.0,0.3,0.31,0.32,0.0,0.29,0.0,0.0,0.25,0.0,0.0,0.0,0.0,0.0,0.27,0.25,0.0,0.0,0.0,0.0,0.29,0.31,0.25,0.0,0.23,0.0,0.0,0.77,0.26,0.46,0.33,0.32,0.34,0.36,0.26,0.0,0.26,0.32,0.23,0.0,0.0,0.0,0.0,0.0,0.83,0.0,0.0,0.0,0.25,0.0,0.0,0.65,0.0,0.52,0.31,0.28,0.3,0.27,0.31,0.25,0.28,0.26,0.27,0.33,0.27,0.32,0.24,0.24,0.0,0.88,0.22,0.0,0.0,0.0,0.0,0.0,0.0,0.0,0.0,0.0,0.0,0.0,0.0,0.0,0.0,0.0,0.0,0.0,0.0,0.0,0.0,0.0,0.0,0.0,0.0,74.95
01/25/2022,0.0,0.81,0.3,0.75,0.0,0.29,0.76,0.8,0.75,0.87,0.65,0.84,0.62,0.74,0.82,0.75,0.82,0.78,0.41,0.73,0.81,0.45,0.71,0.0,0.0,0.83,0.44,0.84,0.4,0.77,0.0,0.55,0.26,0.0,0.68,0.0,0.29,0.42,0.34,0.0,0.8,0.25,0.57,0.0,0.3,0.47,0.43,0.43,0.41,0.44,0.47,0.0,0.75,0.31,0.37,0.38,0.29,0.27,0.38,0.36,0.4,0.34,0.28,0.42,0.38,0.0,0.38,0.41,0.52,0.32,0.0,0.28,0.34,0.42,0.42,0.22,0.0,0.34,0.28,0.26,0.3,0.23,0.49,0.42,0.24,0.22,0.32,0.46,0.26,0.0,0.24,0.27,0.23,0.24,0.28,0.29,0.38,0.0,0.0,0.27,0.22,0.29,0.33,0.25,0.77,0.33,0.0,0.32,0.3,0.42,0.29,0.27,0.0,0.28,0.24,0.0,0.3,0.0,0.0,0.27,0.0,0.27,0.59,0.7,0.29,0.27,0.26,0.31,0.29,0.38,0.66,0.28,0.0,0.36,0.0,0.0,0.32,0.29,0.0,0.0,0.28,0.32,0.24,0.28,0.24,0.0,0.27,0.24,0.24,0.25,0.24,0.25,0.25,0.25,0.3,0.24,0.0,0.22,0.23,0.24,0.24,0.24,0.25,0.27,0.25,0.24,0.34,0.0,0.33,0.26,0.0,0.23,0.0,0.27,0.0,0.22,0.0,0.0,0.32,0.0,0.22,0.22,0.3,0.0,0.23,0.0,0.0,0.0,0.26,0.0,0.23,0.25,0.0,0.31,0.32,0.24,0.0,0.31,0.22,0.0,0.0,0.23,0.0,0.0,0.3,0.31,0.31,0.0,0.29,0.0,0.0,0.25,0.0,0.0,0.0,0.0,0.0,0.28,0.26,0.0,0.0,0.0,0.0,0.28,0.3,0.24,0.0,0.23,0.0,0.0,0.77,0.28,0.45,0.32,0.32,0.34,0.36,0.27,0.0,0.27,0.32,0.23,0.0,0.0,0.0,0.0,0.0,0.82,0.0,0.0,0.0,0.24,0.0,0.0,0.64,0.0,0.52,0.32,0.28,0.29,0.27,0.31,0.25,0.28,0.26,0.27,0.34,0.28,0.32,0.24,0.23,0.0,0.88,0.22,0.0,0.22,0.0,0.0,0.0,0.0,0.0,0.0,0.0,0.0,0.0,0.0,0.0,0.0,0.0,0.0,0.0,0.0,0.0,0.0,0.0,0.0,0.0,0.0,75.1
01/26/2022,0.0,0.81,0.3,0.75,0.0,0.29,0.76,0.8,0.75,0.87,0.65,0.84,0.62,0.74,0.82,0.75,0.82,0.78,0.41,0.73,0.81,0.45,0.71,0.0,0.0,0.83,0.44,0.84,0.4,0.77,0.0,0.55,0.26,0.0,0.68,0.0,0.29,0.42,0.34,0.0,0.8,0.25,0.57,0.0,0.3,0.47,0.43,0.43,0.41,0.44,0.47,0.0,0.75,0.31,0.37,0.38,0.29,0.27,0.38,0.36,0.4,0.34,0.28,0.42,0.38,0.0,0.38,0.41,0.52,0.32,0.0,0.28,0.34,0.42,0.42,0.22,0.0,0.34,0.28,0.26,0.3,0.23,0.49,0.42,0.24,0.22,0.32,0.46,0.26,0.0,0.24,0.27,0.23,0.24,0.28,0.29,0.38,0.0,0.0,0.27,0.22,0.29,0.33,0.25,0.77,0.33,0.0,0.32,0.3,0.42,0.29,0.27,0.0,0.28,0.24,0.0,0.3,0.0,0.0,0.27,0.0,0.27,0.59,0.7,0.29,0.27,0.26,0.31,0.29,0.38,0.66,0.28,0.0,0.36,0.0,0.0,0.32,0.29,0.0,0.0,0.28,0.32,0.24,0.28,0.24,0.0,0.27,0.24,0.24,0.25,0.24,0.25,0.25,0.25,0.3,0.24,0.0,0.22,0.23,0.24,0.24,0.24,0.25,0.27,0.25,0.24,0.34,0.0,0.33,0.26,0.0,0.23,0.0,0.27,0.0,0.22,0.0,0.0,0.32,0.0,0.22,0.22,0.3,0.0,0.23,0.0,0.0,0.0,0.26,0.0,0.23,0.25,0.0,0.31,0.32,0.24,0.0,0.31,0.22,0.0,0.0,0.23,0.0,0.0,0.3,0.31,0.31,0.0,0.29,0.0,0.0,0.25,0.0,0.0,0.0,0.0,0.0,0.28,0.26,0.0,0.0,0.0,0.0,0.28,0.3,0.24,0.0,0.23,0.0,0.0,0.77,0.28,0.45,0.32,0.32,0.34,0.36,0.27,0.0,0.27,0.32,0.23,0.0,0.0,0.0,0.0,0.0,0.82,0.0,0.0,0.0,0.24,0.0,0.0,0.64,0.0,0.52,0.32,0.28,0.29,0.27,0.31,0.25,0.28,0.26,0.27,0.34,0.28,0.32,0.24,0.23,0.0,0.88,0.22,0.0,0.22,0.0,0.0,0.0,0.0,0.0,0.0,0.0,0.0,0.0,0.0,0.0,0.0,0.0,0.0,0.0,0.0,0.0,0.0,0.0,0.0,0.0,0.0,75.1
01/27/2022,0.0,0.8,0.3,0.77,0.0,0.29,0.77,0.77,0.74,0.83,0.66,0.82,0.61,0.75,0.8,0.74,0.81,0.78,0.41,0.74,0.8,0.45,0.71,0.0,0.0,0.84,0.43,0.81,0.41,0.76,0.0,0.52,0.26,0.0,0.67,0.0,0.29,0.43,0.34,0.0,0.78,0.25,0.55,0.0,0.3,0.47,0.42,0.43,0.41,0.44,0.46,0.0,0.79,0.3,0.37,0.38,0.28,0.28,0.37,0.36,0.4,0.34,0.29,0.41,0.39,0.0,0.39,0.42,0.53,0.32,0.0,0.28,0.34,0.42,0.44,0.24,0.0,0.34,0.28,0.29,0.3,0.25,0.49,0.43,0.25,0.23,0.31,0.47,0.28,0.0,0.33,0.27,0.23,0.24,0.27,0.29,0.39,0.0,0.0,0.27,0.23,0.29,0.33,0.26,0.76,0.34,0.0,0.31,0.32,0.43,0.29,0.28,0.0,0.3,0.25,0.0,0.3,0.0,0.0,0.27,0.0,0.27,0.59,0.69,0.29,0.26,0.26,0.3,0.29,0.38,0.67,0.27,0.0,0.36,0.0,0.0,0.32,0.28,0.0,0.0,0.28,0.31,0.23,0.28,0.24,0.0,0.27,0.24,0.23,0.24,0.24,0.24,0.24,0.24,0.31,0.23,0.0,0.21,0.22,0.24,0.24,0.24,0.25,0.26,0.25,0.24,0.33,0.0,0.33,0.26,0.0,0.23,0.0,0.27,0.0,0.22,0.0,0.22,0.33,0.0,0.22,0.0,0.3,0.0,0.23,0.0,0.0,0.0,0.26,0.0,0.22,0.24,0.0,0.3,0.31,0.23,0.0,0.3,0.22,0.0,0.0,0.23,0.0,0.0,0.31,0.31,0.31,0.0,0.29,0.0,0.0,0.26,0.0,0.0,0.0,0.0,0.0,0.29,0.28,0.0,0.0,0.0,0.0,0.28,0.3,0.24,0.0,0.23,0.0,0.0,0.74,0.26,0.44,0.31,0.32,0.35,0.35,0.26,0.0,0.27,0.32,0.23,0.0,0.0,0.0,0.0,0.0,0.83,0.0,0.0,0.0,0.25,0.0,0.0,0.66,0.0,0.52,0.32,0.28,0.29,0.27,0.31,0.25,0.28,0.26,0.27,0.34,0.27,0.31,0.25,0.27,0.0,0.85,0.21,0.0,0.22,0.0,0.0,0.0,0.0,0.0,0.0,0.0,0.0,0.0,0.0,0.0,0.0,0.0,0.0,0.0,0.0,0.0,0.0,0.0,0.0,0.0,0.0,75.04
01/28/2022,0.0,0.8,0.3,0.77,0.0,0.29,0.77,0.77,0.74,0.83,0.66,0.82,0.61,0.75,0.8,0.74,0.81,0.78,0.41,0.74,0.8,0.45,0.71,0.0,0.0,0.84,0.43,0.81,0.41,0.76,0.0,0.52,0.26,0.0,0.67,0.0,0.29,0.43,0.34,0.0,0.78,0.25,0.55,0.0,0.3,0.47,0.42,0.43,0.41,0.44,0.46,0.0,0.79,0.3,0.37,0.38,0.28,0.28,0.37,0.36,0.4,0.34,0.29,0.41,0.39,0.0,0.39,0.42,0.53,0.32,0.0,0.28,0.34,0.42,0.44,0.24,0.0,0.34,0.28,0.29,0.3,0.25,0.49,0.43,0.25,0.23,0.31,0.47,0.28,0.0,0.33,0.27,0.23,0.24,0.27,0.29,0.39,0.0,0.0,0.27,0.23,0.29,0.33,0.26,0.76,0.34,0.0,0.31,0.32,0.43,0.29,0.28,0.0,0.3,0.25,0.0,0.3,0.0,0.0,0.27,0.0,0.27,0.59,0.69,0.29,0.26,0.26,0.3,0.29,0.38,0.67,0.27,0.0,0.36,0.0,0.0,0.32,0.28,0.0,0.0,0.28,0.31,0.23,0.28,0.24,0.0,0.27,0.24,0.23,0.24,0.24,0.24,0.24,0.24,0.31,0.23,0.0,0.21,0.22,0.24,0.24,0.24,0.25,0.26,0.25,0.24,0.33,0.0,0.33,0.26,0.0,0.23,0.0,0.27,0.0,0.22,0.0,0.22,0.33,0.0,0.22,0.0,0.3,0.0,0.23,0.0,0.0,0.0,0.26,0.0,0.22,0.24,0.0,0.3,0.31,0.23,0.0,0.3,0.22,0.0,0.0,0.23,0.0,0.0,0.31,0.31,0.31,0.0,0.29,0.0,0.0,0.26,0.0,0.0,0.0,0.0,0.0,0.29,0.28,0.0,0.0,0.0,0.0,0.28,0.3,0.24,0.0,0.23,0.0,0.0,0.74,0.26,0.44,0.31,0.32,0.35,0.35,0.26,0.0,0.27,0.32,0.23,0.0,0.0,0.0,0.0,0.0,0.83,0.0,0.0,0.0,0.25,0.0,0.0,0.66,0.0,0.52,0.32,0.28,0.29,0.27,0.31,0.25,0.28,0.26,0.27,0.34,0.27,0.31,0.25,0.27,0.0,0.85,0.21,0.0,0.22,0.0,0.0,0.0,0.0,0.0,0.0,0.0,0.0,0.0,0.0,0.0,0.0,0.0,0.0,0.0,0.0,0.0,0.0,0.0,0.0,0.0,0.0,75.04
01/31/2022,0.0,0.83,0.32,0.75,0.0,0.29,0.77,0.76,0.75,0.81,0.65,0.86,0.61,0.75,0.83,0.73,0.81,0.76,0.43,0.72,0.82,0.46,0.68,0.0,0.0,0.78,0.43,0.82,0.41,0.76,0.0,0.51,0.24,0.0,0.67,0.0,0.27,0.44,0.33,0.0,0.81,0.23,0.55,0.0,0.28,0.48,0.44,0.45,0.41,0.44,0.47,0.0,0.77,0.33,0.38,0.4,0.28,0.28,0.37,0.35,0.45,0.34,0.27,0.42,0.39,0.0,0.39,0.43,0.51,0.31,0.0,0.28,0.34,0.43,0.46,0.24,0.0,0.34,0.27,0.29,0.29,0.25,0.49,0.42,0.25,0.23,0.28,0.47,0.28,0.0,0.32,0.26,0.24,0.24,0.27,0.3,0.37,0.0,0.0,0.26,0.0,0.29,0.33,0.25,0.78,0.33,0.0,0.31,0.32,0.41,0.29,0.27,0.0,0.28,0.24,0.0,0.29,0.0,0.0,0.27,0.0,0.27,0.59,0.66,0.29,0.27,0.26,0.31,0.28,0.37,0.68,0.28,0.0,0.37,0.0,0.0,0.32,0.29,0.0,0.0,0.28,0.32,0.24,0.29,0.24,0.0,0.26,0.24,0.24,0.25,0.24,0.24,0.24,0.25,0.32,0.23,0.0,0.0,0.22,0.25,0.24,0.24,0.24,0.27,0.25,0.25,0.35,0.0,0.35,0.26,0.22,0.23,0.0,0.28,0.0,0.23,0.0,0.22,0.33,0.0,0.0,0.0,0.29,0.21,0.23,0.0,0.0,0.0,0.26,0.0,0.23,0.26,0.0,0.3,0.31,0.25,0.0,0.31,0.23,0.0,0.0,0.24,0.0,0.0,0.32,0.31,0.31,0.0,0.28,0.0,0.0,0.25,0.0,0.0,0.0,0.0,0.0,0.31,0.27,0.0,0.0,0.0,0.0,0.27,0.29,0.23,0.0,0.23,0.0,0.0,0.77,0.25,0.45,0.34,0.32,0.34,0.39,0.24,0.0,0.27,0.32,0.24,0.0,0.0,0.0,0.0,0.0,0.83,0.0,0.0,0.0,0.24,0.0,0.0,0.65,0.0,0.5,0.31,0.28,0.29,0.27,0.32,0.25,0.28,0.26,0.27,0.36,0.28,0.32,0.24,0.26,0.0,0.88,0.22,0.0,0.22,0.22,0.0,0.0,0.0,0.0,0.0,0.0,0.0,0.0,0.0,0.0,0.0,0.0,0.0,0.0,0.0,0.0,0.0,0.0,0.0,0.0,0.0,75.23
02/01/2022,0.0,0.81,0.3,0.73,0.0,0.3,0.78,0.76,0.75,0.82,0.64,0.0,0.61,0.73,0.83,0.72,0.81,0.78,0.42,0.73,0.82,0.46,0.68,0.0,0.0,0.78,0.43,0.82,0.41,0.77,0.0,0.51,0.25,0.0,0.7,0.0,0.28,0.44,0.34,0.0,0.81,0.24,0.55,0.0,0.28,0.47,0.43,0.44,0.42,0.44,0.46,0.0,0.77,0.31,0.39,0.41,0.28,0.28,0.37,0.35,0.45,0.39,0.27,0.42,0.4,0.0,0.39,0.43,0.52,0.33,0.0,0.29,0.34,0.42,0.46,0.23,0.0,0.32,0.27,0.28,0.3,0.25,0.5,0.44,0.25,0.24,0.27,0.47,0.27,0.0,0.31,0.25,0.23,0.24,0.27,0.31,0.38,0.0,0.0,0.26,0.0,0.29,0.34,0.25,0.79,0.34,0.0,0.31,0.31,0.4,0.29,0.27,0.0,0.28,0.24,0.0,0.28,0.0,0.0,0.27,0.0,0.27,0.59,0.66,0.29,0.26,0.26,0.31,0.28,0.38,0.69,0.27,0.0,0.37,0.0,0.0,0.32,0.29,0.0,0.0,0.28,0.31,0.23,0.29,0.24,0.0,0.26,0.23,0.24,0.25,0.24,0.24,0.25,0.25,0.32,0.23,0.0,0.21,0.23,0.25,0.24,0.23,0.24,0.27,0.26,0.25,0.35,0.0,0.35,0.26,0.22,0.23,0.0,0.28,0.0,0.23,0.0,0.22,0.33,0.0,0.0,0.0,0.3,0.0,0.23,0.0,0.0,0.0,0.26,0.0,0.22,0.25,0.0,0.31,0.31,0.25,0.0,0.31,0.23,0.0,0.0,0.24,0.0,0.0,0.31,0.32,0.31,0.0,0.28,0.0,0.0,0.26,0.0,0.0,0.0,0.0,0.0,0.3,0.28,0.0,0.0,0.0,0.0,0.28,0.29,0.24,0.0,0.23,0.2,0.0,0.75,0.26,0.44,0.33,0.31,0.33,0.39,0.25,0.0,0.27,0.32,0.24,0.0,0.0,0.0,0.0,0.0,0.8,0.0,0.0,0.0,0.26,0.0,0.0,0.66,0.0,0.51,0.31,0.28,0.3,0.27,0.32,0.25,0.28,0.26,0.27,0.35,0.29,0.33,0.24,0.26,0.0,0.0,0.0,0.0,0.22,0.21,0.22,0.04,0.0,0.0,0.0,0.0,0.0,0.0,0.0,0.0,0.0,0.0,0.0,0.0,0.0,0.0,0.0,0.0,0.0,0.0,0.0,73.8
02/02/2022,0.0,0.81,0.3,0.73,0.0,0.3,0.78,0.76,0.75,0.82,0.64,0.85,0.61,0.73,0.83,0.72,0.81,0.78,0.42,0.73,0.82,0.46,0.68,0.0,0.0,0.78,0.43,0.82,0.41,0.77,0.0,0.51,0.25,0.0,0.7,0.0,0.28,0.44,0.34,0.0,0.81,0.24,0.55,0.0,0.28,0.47,0.43,0.44,0.42,0.44,0.46,0.0,0.77,0.31,0.39,0.41,0.28,0.28,0.37,0.35,0.45,0.39,0.27,0.42,0.4,0.0,0.39,0.43,0.52,0.33,0.0,0.29,0.34,0.42,0.46,0.23,0.0,0.32,0.27,0.28,0.3,0.25,0.5,0.44,0.25,0.24,0.27,0.47,0.27,0.0,0.31,0.25,0.23,0.24,0.27,0.31,0.38,0.0,0.0,0.26,0.0,0.29,0.34,0.25,0.79,0.34,0.0,0.31,0.31,0.4,0.29,0.27,0.0,0.28,0.24,0.0,0.28,0.0,0.0,0.27,0.0,0.27,0.59,0.66,0.29,0.26,0.26,0.31,0.28,0.38,0.69,0.27,0.0,0.37,0.0,0.0,0.32,0.29,0.0,0.0,0.28,0.31,0.23,0.29,0.24,0.0,0.26,0.23,0.24,0.25,0.24,0.24,0.25,0.25,0.32,0.23,0.0,0.21,0.23,0.25,0.24,0.23,0.24,0.27,0.26,0.25,0.35,0.0,0.35,0.26,0.22,0.23,0.0,0.28,0.0,0.23,0.0,0.22,0.33,0.0,0.0,0.0,0.3,0.0,0.23,0.0,0.0,0.0,0.26,0.0,0.22,0.25,0.0,0.31,0.31,0.25,0.0,0.31,0.23,0.0,0.0,0.24,0.0,0.0,0.31,0.32,0.31,0.0,0.28,0.0,0.0,0.26,0.0,0.0,0.0,0.0,0.0,0.3,0.28,0.0,0.0,0.0,0.0,0.28,0.29,0.24,0.0,0.23,0.0,0.0,0.75,0.26,0.44,0.33,0.31,0.33,0.39,0.25,0.0,0.27,0.32,0.24,0.0,0.0,0.0,0.0,0.0,0.8,0.0,0.0,0.0,0.26,0.0,0.0,0.66,0.0,0.51,0.31,0.28,0.3,0.27,0.32,0.25,0.28,0.26,0.27,0.35,0.29,0.33,0.24,0.26,0.0,0.85,0.0,0.0,0.22,0.21,0.22,0.0,0.0,0.0,0.0,0.0,0.0,0.0,0.0,0.0,0.0,0.0,0.0,0.0,0.0,0.0,0.0,0.0,0.0,0.0,0.0,75.25999999999999
02/03/2022,0.0,0.81,0.3,0.73,0.0,0.3,0.78,0.76,0.75,0.82,0.64,0.85,0.61,0.73,0.83,0.72,0.81,0.78,0.42,0.73,0.82,0.46,0.68,0.0,0.0,0.78,0.43,0.82,0.41,0.77,0.0,0.51,0.25,0.0,0.7,0.0,0.28,0.44,0.34,0.0,0.81,0.24,0.55,0.0,0.28,0.47,0.43,0.44,0.42,0.44,0.46,0.0,0.77,0.31,0.39,0.41,0.28,0.28,0.37,0.35,0.45,0.39,0.27,0.42,0.4,0.0,0.39,0.43,0.52,0.33,0.0,0.29,0.34,0.42,0.46,0.23,0.0,0.32,0.27,0.28,0.3,0.25,0.5,0.44,0.25,0.24,0.27,0.47,0.27,0.0,0.31,0.25,0.23,0.24,0.27,0.31,0.38,0.0,0.0,0.26,0.0,0.29,0.34,0.25,0.79,0.34,0.0,0.31,0.31,0.4,0.29,0.27,0.0,0.28,0.24,0.0,0.28,0.0,0.0,0.27,0.0,0.27,0.59,0.66,0.29,0.26,0.26,0.31,0.28,0.38,0.69,0.27,0.0,0.37,0.0,0.0,0.32,0.29,0.0,0.0,0.28,0.31,0.23,0.29,0.24,0.0,0.26,0.23,0.24,0.25,0.24,0.24,0.25,0.25,0.32,0.23,0.0,0.21,0.23,0.25,0.24,0.23,0.24,0.27,0.26,0.25,0.35,0.0,0.35,0.26,0.22,0.23,0.0,0.28,0.0,0.23,0.0,0.22,0.33,0.0,0.0,0.0,0.3,0.0,0.23,0.0,0.0,0.0,0.26,0.0,0.22,0.25,0.0,0.31,0.31,0.25,0.0,0.31,0.23,0.0,0.0,0.24,0.0,0.0,0.31,0.32,0.31,0.0,0.28,0.0,0.0,0.26,0.0,0.0,0.0,0.0,0.0,0.3,0.28,0.0,0.0,0.0,0.0,0.28,0.29,0.24,0.0,0.23,0.0,0.0,0.75,0.26,0.44,0.33,0.31,0.33,0.39,0.25,0.0,0.27,0.32,0.24,0.0,0.0,0.0,0.0,0.0,0.8,0.0,0.0,0.0,0.26,0.0,0.0,0.66,0.0,0.51,0.31,0.28,0.3,0.27,0.32,0.25,0.28,0.26,0.27,0.35,0.29,0.33,0.24,0.26,0.0,0.85,0.0,0.0,0.22,0.21,0.22,0.0,0.0,0.0,0.0,0.0,0.0,0.0,0.0,0.0,0.0,0.0,0.0,0.0,0.0,0.0,0.0,0.0,0.0,0.0,0.0,75.25999999999999
02/04/2022,0.0,0.83,0.31,0.75,0.0,0.29,0.79,0.76,0.75,0.85,0.63,0.83,0.62,0.74,0.85,0.71,0.77,0.78,0.42,0.73,0.81,0.46,0.71,0.0,0.0,0.8,0.43,0.78,0.4,0.76,0.0,0.52,0.27,0.0,0.7,0.0,0.29,0.43,0.35,0.0,0.8,0.25,0.55,0.0,0.29,0.47,0.44,0.43,0.42,0.43,0.45,0.0,0.77,0.3,0.39,0.4,0.28,0.27,0.37,0.34,0.44,0.39,0.28,0.41,0.4,0.0,0.39,0.43,0.53,0.32,0.0,0.29,0.34,0.42,0.45,0.23,0.0,0.32,0.27,0.29,0.31,0.25,0.5,0.45,0.25,0.24,0.28,0.48,0.27,0.0,0.31,0.26,0.23,0.24,0.28,0.3,0.37,0.0,0.0,0.27,0.22,0.29,0.34,0.25,0.79,0.33,0.0,0.31,0.31,0.4,0.29,0.26,0.0,0.3,0.24,0.0,0.28,0.0,0.0,0.26,0.0,0.27,0.58,0.64,0.29,0.26,0.26,0.3,0.28,0.37,0.71,0.26,0.0,0.38,0.0,0.0,0.32,0.29,0.0,0.0,0.29,0.31,0.23,0.29,0.24,0.0,0.27,0.23,0.24,0.24,0.24,0.24,0.24,0.24,0.32,0.22,0.0,0.21,0.23,0.24,0.24,0.23,0.23,0.26,0.25,0.25,0.34,0.0,0.34,0.26,0.22,0.23,0.0,0.27,0.0,0.23,0.0,0.22,0.33,0.0,0.0,0.0,0.29,0.0,0.23,0.0,0.21,0.0,0.26,0.0,0.22,0.25,0.0,0.31,0.3,0.24,0.0,0.31,0.23,0.0,0.0,0.23,0.0,0.0,0.31,0.31,0.31,0.0,0.28,0.0,0.0,0.27,0.0,0.0,0.0,0.0,0.0,0.29,0.29,0.0,0.0,0.0,0.0,0.29,0.29,0.26,0.0,0.23,0.0,0.0,0.74,0.28,0.43,0.33,0.32,0.34,0.37,0.25,0.0,0.26,0.31,0.23,0.0,0.0,0.0,0.0,0.0,0.82,0.0,0.0,0.0,0.28,0.0,0.0,0.68,0.0,0.52,0.32,0.27,0.29,0.28,0.31,0.26,0.28,0.26,0.27,0.36,0.28,0.34,0.24,0.25,0.0,0.84,0.0,0.0,0.22,0.0,0.0,0.0,0.0,0.0,0.0,0.0,0.0,0.0,0.0,0.0,0.0,0.0,0.0,0.0,0.0,0.0,0.0,0.0,0.0,0.0,0.0,75.19999999999999
02/07/2022,0.0,0.71,0.31,0.75,0.0,0.29,0.77,0.76,0.74,0.84,0.63,0.84,0.62,0.67,0.79,0.7,0.81,0.8,0.4,0.66,0.81,0.42,0.71,0.0,0.0,0.78,0.43,0.79,0.4,0.76,0.0,0.52,0.27,0.0,0.72,0.0,0.28,0.42,0.32,0.0,0.82,0.25,0.58,0.0,0.29,0.42,0.45,0.44,0.42,0.42,0.46,0.0,0.78,0.31,0.39,0.4,0.29,0.27,0.39,0.33,0.46,0.39,0.28,0.42,0.42,0.22,0.39,0.42,0.5,0.31,0.0,0.28,0.34,0.41,0.0,0.23,0.0,0.33,0.28,0.28,0.31,0.25,0.5,0.45,0.25,0.26,0.27,0.47,0.25,0.0,0.3,0.25,0.22,0.24,0.29,0.3,0.37,0.0,0.0,0.26,0.22,0.29,0.34,0.26,0.82,0.33,0.0,0.31,0.31,0.41,0.29,0.27,0.0,0.29,0.24,0.0,0.29,0.0,0.0,0.26,0.0,0.28,0.6,0.65,0.29,0.26,0.27,0.3,0.28,0.37,0.66,0.27,0.0,0.38,0.0,0.0,0.33,0.3,0.0,0.0,0.28,0.31,0.24,0.29,0.24,0.0,0.27,0.24,0.24,0.25,0.25,0.24,0.25,0.25,0.34,0.22,0.0,0.0,0.24,0.24,0.24,0.23,0.24,0.27,0.26,0.25,0.35,0.0,0.36,0.26,0.22,0.23,0.0,0.27,0.0,0.23,0.0,0.23,0.32,0.0,0.0,0.0,0.29,0.0,0.22,0.0,0.0,0.0,0.27,0.0,0.22,0.26,0.0,0.31,0.28,0.24,0.22,0.31,0.23,0.0,0.0,0.23,0.0,0.0,0.31,0.32,0.31,0.0,0.29,0.0,0.0,0.26,0.0,0.0,0.0,0.0,0.0,0.3,0.29,0.0,0.0,0.0,0.0,0.27,0.3,0.24,0.0,0.23,0.0,0.0,0.72,0.26,0.45,0.34,0.31,0.32,0.41,0.25,0.0,0.27,0.33,0.24,0.0,0.0,0.0,0.0,0.0,0.79,0.0,0.0,0.0,0.24,0.0,0.0,0.7,0.0,0.5,0.32,0.26,0.3,0.26,0.3,0.25,0.28,0.26,0.28,0.36,0.28,0.33,0.24,0.25,0.0,0.86,0.0,0.0,0.22,0.0,0.0,0.0,0.43,0.0,0.0,0.0,0.0,0.0,0.0,0.0,0.0,0.0,0.0,0.0,0.0,0.0,0.0,0.0,0.0,0.0,0.0,74.96000000000001
02/08/2022,0.0,0.75,0.31,0.78,0.0,0.29,0.8,0.75,0.75,0.85,0.62,0.84,0.62,0.66,0.79,0.65,0.81,0.8,0.4,0.66,0.81,0.4,0.7,0.0,0.0,0.77,0.42,0.73,0.4,0.77,0.0,0.52,0.27,0.0,0.73,0.0,0.28,0.42,0.32,0.0,0.82,0.26,0.58,0.0,0.29,0.42,0.47,0.45,0.42,0.42,0.45,0.0,0.81,0.32,0.39,0.4,0.28,0.27,0.4,0.34,0.46,0.39,0.28,0.45,0.42,0.0,0.39,0.42,0.51,0.31,0.0,0.28,0.33,0.44,0.0,0.23,0.0,0.34,0.28,0.28,0.32,0.25,0.5,0.46,0.26,0.27,0.27,0.47,0.25,0.0,0.31,0.25,0.22,0.25,0.29,0.3,0.37,0.0,0.0,0.27,0.23,0.29,0.33,0.27,0.82,0.32,0.0,0.31,0.31,0.4,0.29,0.25,0.0,0.29,0.23,0.0,0.29,0.0,0.0,0.26,0.0,0.26,0.59,0.64,0.27,0.26,0.28,0.31,0.27,0.37,0.68,0.28,0.0,0.38,0.0,0.0,0.33,0.29,0.0,0.0,0.28,0.3,0.24,0.29,0.24,0.0,0.28,0.23,0.23,0.25,0.24,0.24,0.25,0.24,0.34,0.23,0.0,0.0,0.24,0.24,0.24,0.23,0.23,0.27,0.25,0.26,0.34,0.0,0.37,0.26,0.22,0.22,0.0,0.27,0.0,0.23,0.0,0.23,0.31,0.0,0.0,0.0,0.29,0.0,0.21,0.0,0.0,0.0,0.27,0.0,0.22,0.25,0.0,0.31,0.28,0.24,0.22,0.31,0.22,0.0,0.0,0.23,0.0,0.0,0.31,0.32,0.31,0.0,0.29,0.0,0.0,0.29,0.0,0.0,0.0,0.0,0.0,0.31,0.29,0.0,0.0,0.0,0.0,0.28,0.29,0.26,0.0,0.23,0.0,0.0,0.72,0.27,0.47,0.34,0.31,0.33,0.37,0.25,0.0,0.28,0.32,0.24,0.0,0.0,0.0,0.0,0.0,0.79,0.0,0.0,0.0,0.24,0.0,0.0,0.71,0.0,0.5,0.34,0.26,0.31,0.27,0.3,0.26,0.27,0.27,0.27,0.37,0.28,0.34,0.24,0.25,0.0,0.88,0.0,0.22,0.22,0.0,0.0,0.0,0.43,0.0,0.0,0.0,0.0,0.0,0.0,0.0,0.0,0.0,0.0,0.0,0.0,0.0,0.0,0.0,0.0,0.0,0.0,75.12
02/09/2022,0.0,0.75,0.31,0.78,0.0,0.29,0.8,0.75,0.75,0.85,0.62,0.84,0.62,0.66,0.79,0.65,0.81,0.8,0.4,0.66,0.81,0.4,0.7,0.0,0.0,0.77,0.42,0.73,0.4,0.77,0.0,0.52,0.27,0.0,0.73,0.0,0.28,0.42,0.32,0.0,0.82,0.26,0.58,0.0,0.29,0.42,0.47,0.45,0.42,0.42,0.45,0.0,0.81,0.32,0.39,0.4,0.28,0.27,0.4,0.34,0.46,0.39,0.28,0.45,0.42,0.0,0.39,0.42,0.51,0.31,0.0,0.28,0.33,0.44,0.0,0.23,0.0,0.34,0.28,0.28,0.32,0.25,0.5,0.46,0.26,0.27,0.27,0.47,0.25,0.0,0.31,0.25,0.22,0.25,0.29,0.3,0.37,0.0,0.0,0.27,0.23,0.29,0.33,0.27,0.82,0.32,0.0,0.31,0.31,0.4,0.29,0.25,0.0,0.29,0.23,0.0,0.29,0.0,0.0,0.26,0.0,0.26,0.59,0.64,0.27,0.26,0.28,0.31,0.27,0.37,0.68,0.28,0.0,0.38,0.0,0.0,0.33,0.29,0.0,0.0,0.28,0.3,0.24,0.29,0.24,0.0,0.28,0.23,0.23,0.25,0.24,0.24,0.25,0.24,0.34,0.23,0.0,0.0,0.24,0.24,0.24,0.23,0.23,0.27,0.25,0.26,0.34,0.0,0.37,0.26,0.22,0.22,0.0,0.27,0.0,0.23,0.0,0.23,0.31,0.0,0.0,0.0,0.29,0.0,0.21,0.0,0.0,0.0,0.27,0.0,0.22,0.25,0.0,0.31,0.28,0.24,0.22,0.31,0.22,0.0,0.0,0.23,0.0,0.0,0.31,0.32,0.31,0.0,0.29,0.0,0.0,0.29,0.0,0.0,0.0,0.0,0.0,0.31,0.29,0.0,0.0,0.0,0.0,0.28,0.29,0.26,0.0,0.23,0.0,0.0,0.72,0.27,0.47,0.34,0.31,0.33,0.37,0.25,0.0,0.28,0.32,0.24,0.0,0.0,0.0,0.0,0.0,0.79,0.0,0.0,0.0,0.24,0.0,0.0,0.71,0.0,0.5,0.34,0.26,0.31,0.27,0.3,0.26,0.27,0.27,0.27,0.37,0.28,0.34,0.24,0.25,0.0,0.88,0.0,0.22,0.22,0.0,0.0,0.0,0.43,0.0,0.0,0.0,0.0,0.0,0.0,0.0,0.0,0.0,0.0,0.0,0.0,0.0,0.0,0.0,0.0,0.0,0.0,75.12
02/10/2022,0.0,0.76,0.3,0.8,0.0,0.29,0.79,0.75,0.74,0.88,0.62,0.84,0.63,0.65,0.81,0.66,0.82,0.79,0.4,0.67,0.81,0.41,0.71,0.0,0.0,0.76,0.41,0.74,0.4,0.76,0.0,0.51,0.27,0.0,0.73,0.0,0.27,0.42,0.32,0.0,0.82,0.26,0.57,0.0,0.29,0.42,0.48,0.45,0.42,0.42,0.45,0.0,0.82,0.32,0.38,0.39,0.28,0.27,0.4,0.34,0.46,0.39,0.28,0.44,0.42,0.0,0.4,0.42,0.53,0.32,0.0,0.28,0.33,0.45,0.0,0.23,0.0,0.34,0.28,0.28,0.32,0.26,0.5,0.46,0.26,0.26,0.27,0.47,0.26,0.0,0.31,0.25,0.22,0.25,0.28,0.3,0.37,0.0,0.0,0.26,0.23,0.29,0.33,0.27,0.81,0.32,0.0,0.31,0.31,0.38,0.29,0.25,0.0,0.29,0.23,0.0,0.28,0.0,0.0,0.27,0.0,0.26,0.58,0.64,0.27,0.26,0.28,0.31,0.27,0.36,0.7,0.28,0.0,0.39,0.0,0.0,0.33,0.29,0.0,0.0,0.28,0.3,0.24,0.29,0.24,0.0,0.29,0.23,0.23,0.25,0.24,0.25,0.25,0.24,0.34,0.23,0.0,0.0,0.23,0.24,0.23,0.23,0.23,0.27,0.25,0.26,0.34,0.0,0.37,0.26,0.22,0.22,0.0,0.27,0.0,0.22,0.0,0.23,0.3,0.0,0.0,0.0,0.29,0.0,0.0,0.0,0.0,0.0,0.27,0.0,0.22,0.25,0.0,0.31,0.27,0.24,0.22,0.32,0.22,0.0,0.0,0.23,0.0,0.0,0.3,0.32,0.31,0.0,0.29,0.0,0.0,0.27,0.0,0.0,0.0,0.0,0.0,0.32,0.29,0.0,0.0,0.0,0.0,0.28,0.3,0.26,0.0,0.23,0.0,0.0,0.72,0.26,0.47,0.35,0.31,0.33,0.36,0.25,0.0,0.28,0.33,0.24,0.0,0.22,0.0,0.0,0.0,0.8,0.0,0.0,0.0,0.24,0.0,0.0,0.71,0.0,0.5,0.34,0.27,0.3,0.26,0.31,0.0,0.27,0.27,0.27,0.37,0.28,0.34,0.24,0.26,0.0,0.87,0.0,0.22,0.22,0.0,0.0,0.0,0.43,0.21,0.0,0.0,0.0,0.0,0.0,0.0,0.0,0.0,0.0,0.0,0.0,0.0,0.0,0.0,0.0,0.0,0.0,75.11000000000001
02/11/2022,0.0,0.77,0.29,0.8,0.0,0.29,0.79,0.76,0.73,0.86,0.62,0.82,0.67,0.65,0.85,0.65,0.8,0.78,0.4,0.65,0.79,0.4,0.7,0.0,0.0,0.76,0.41,0.74,0.39,0.74,0.0,0.52,0.28,0.0,0.7,0.0,0.28,0.42,0.32,0.0,0.8,0.26,0.55,0.0,0.29,0.42,0.47,0.45,0.41,0.42,0.45,0.0,0.8,0.32,0.38,0.38,0.28,0.28,0.4,0.35,0.48,0.4,0.29,0.44,0.42,0.0,0.4,0.42,0.52,0.31,0.0,0.28,0.33,0.44,0.0,0.24,0.0,0.34,0.28,0.29,0.31,0.26,0.49,0.43,0.27,0.27,0.27,0.48,0.26,0.0,0.31,0.25,0.23,0.25,0.28,0.3,0.38,0.0,0.0,0.26,0.23,0.29,0.33,0.26,0.83,0.32,0.0,0.33,0.31,0.4,0.28,0.25,0.0,0.28,0.23,0.0,0.28,0.0,0.0,0.27,0.0,0.26,0.59,0.64,0.27,0.26,0.29,0.31,0.27,0.36,0.68,0.28,0.0,0.4,0.0,0.0,0.33,0.28,0.0,0.0,0.28,0.3,0.23,0.29,0.23,0.0,0.28,0.23,0.23,0.24,0.24,0.25,0.24,0.24,0.34,0.23,0.0,0.0,0.23,0.24,0.23,0.22,0.23,0.28,0.25,0.26,0.34,0.0,0.34,0.26,0.23,0.22,0.0,0.27,0.0,0.22,0.0,0.26,0.3,0.0,0.0,0.0,0.29,0.0,0.0,0.0,0.22,0.0,0.27,0.0,0.0,0.24,0.0,0.3,0.27,0.23,0.22,0.32,0.22,0.0,0.0,0.23,0.0,0.0,0.3,0.31,0.31,0.0,0.29,0.0,0.0,0.27,0.0,0.0,0.0,0.0,0.0,0.32,0.29,0.0,0.0,0.0,0.0,0.28,0.31,0.27,0.0,0.24,0.0,0.0,0.72,0.29,0.49,0.34,0.31,0.33,0.35,0.25,0.0,0.28,0.31,0.23,0.0,0.0,0.0,0.0,0.0,0.79,0.0,0.0,0.0,0.24,0.0,0.0,0.71,0.0,0.51,0.34,0.27,0.37,0.26,0.3,0.0,0.27,0.27,0.27,0.38,0.27,0.33,0.24,0.26,0.0,0.87,0.0,0.0,0.22,0.0,0.0,0.0,0.43,0.22,0.22,0.22,0.0,0.0,0.0,0.0,0.0,0.0,0.0,0.0,0.0,0.0,0.0,0.0,0.0,0.0,0.0,75.02
02/14/2022,0.0,0.78,0.29,0.81,0.0,0.28,0.79,0.85,0.72,0.89,0.61,0.81,0.68,0.65,0.88,0.63,0.78,0.77,0.4,0.66,0.8,0.41,0.71,0.0,0.0,0.77,0.4,0.73,0.38,0.75,0.0,0.52,0.28,0.0,0.7,0.0,0.28,0.41,0.32,0.0,0.82,0.27,0.54,0.0,0.29,0.41,0.46,0.43,0.41,0.41,0.44,0.0,0.8,0.32,0.38,0.38,0.29,0.28,0.39,0.35,0.47,0.4,0.28,0.43,0.42,0.0,0.4,0.42,0.54,0.31,0.0,0.27,0.33,0.45,0.0,0.24,0.0,0.33,0.28,0.29,0.32,0.25,0.49,0.43,0.27,0.27,0.27,0.47,0.26,0.0,0.31,0.25,0.23,0.25,0.29,0.3,0.39,0.0,0.0,0.26,0.23,0.29,0.33,0.27,0.81,0.32,0.0,0.34,0.31,0.44,0.28,0.25,0.0,0.28,0.23,0.0,0.28,0.0,0.0,0.26,0.0,0.26,0.57,0.63,0.28,0.25,0.27,0.3,0.27,0.36,0.7,0.27,0.0,0.4,0.0,0.0,0.32,0.28,0.0,0.0,0.28,0.29,0.23,0.29,0.23,0.0,0.3,0.23,0.23,0.24,0.24,0.25,0.24,0.24,0.34,0.23,0.0,0.0,0.23,0.24,0.23,0.22,0.23,0.27,0.25,0.26,0.33,0.0,0.34,0.25,0.23,0.22,0.0,0.27,0.0,0.22,0.0,0.26,0.29,0.0,0.0,0.0,0.3,0.0,0.0,0.0,0.22,0.0,0.26,0.0,0.0,0.24,0.0,0.3,0.27,0.23,0.22,0.31,0.22,0.0,0.0,0.22,0.0,0.0,0.3,0.31,0.31,0.0,0.29,0.0,0.0,0.28,0.0,0.0,0.0,0.0,0.0,0.32,0.28,0.0,0.0,0.0,0.0,0.28,0.34,0.29,0.0,0.24,0.0,0.0,0.73,0.31,0.47,0.33,0.32,0.32,0.36,0.25,0.0,0.27,0.31,0.23,0.0,0.22,0.0,0.0,0.0,0.8,0.0,0.0,0.0,0.26,0.0,0.0,0.73,0.0,0.53,0.35,0.28,0.36,0.27,0.3,0.0,0.27,0.26,0.27,0.37,0.27,0.34,0.24,0.26,0.0,0.86,0.0,0.0,0.22,0.0,0.0,0.0,0.42,0.0,0.22,0.22,0.0,0.0,0.0,0.0,0.0,0.0,0.0,0.0,0.0,0.0,0.0,0.0,0.0,0.0,0.0,75.11000000000001
02/15/2022,0.0,0.77,0.29,0.81,0.0,0.28,0.82,0.83,0.72,0.89,0.62,0.83,0.68,0.69,0.86,0.64,0.79,0.77,0.4,0.69,0.81,0.42,0.7,0.0,0.0,0.74,0.41,0.74,0.39,0.76,0.0,0.51,0.27,0.0,0.76,0.0,0.26,0.41,0.32,0.0,0.82,0.26,0.55,0.0,0.28,0.4,0.46,0.44,0.42,0.42,0.44,0.0,0.8,0.3,0.39,0.37,0.29,0.27,0.4,0.34,0.46,0.4,0.29,0.44,0.43,0.0,0.4,0.42,0.51,0.31,0.0,0.27,0.34,0.47,0.0,0.23,0.0,0.34,0.28,0.27,0.3,0.24,0.5,0.43,0.27,0.27,0.27,0.47,0.26,0.0,0.3,0.25,0.23,0.25,0.29,0.3,0.4,0.0,0.0,0.26,0.23,0.31,0.26,0.26,0.82,0.32,0.0,0.34,0.3,0.44,0.29,0.25,0.0,0.28,0.22,0.0,0.28,0.0,0.0,0.26,0.0,0.26,0.59,0.65,0.27,0.26,0.28,0.3,0.28,0.36,0.72,0.28,0.0,0.39,0.0,0.0,0.32,0.27,0.0,0.0,0.27,0.3,0.23,0.28,0.23,0.0,0.28,0.23,0.23,0.24,0.24,0.25,0.24,0.24,0.34,0.22,0.0,0.0,0.23,0.24,0.23,0.22,0.23,0.27,0.25,0.26,0.34,0.0,0.37,0.26,0.23,0.0,0.0,0.27,0.0,0.22,0.0,0.26,0.3,0.0,0.0,0.0,0.3,0.0,0.0,0.0,0.0,0.0,0.26,0.0,0.0,0.24,0.0,0.31,0.28,0.24,0.23,0.31,0.23,0.0,0.0,0.23,0.0,0.0,0.3,0.34,0.32,0.0,0.28,0.0,0.0,0.26,0.0,0.0,0.0,0.0,0.0,0.32,0.27,0.0,0.0,0.0,0.0,0.27,0.36,0.29,0.0,0.24,0.0,0.0,0.73,0.32,0.5,0.36,0.32,0.31,0.39,0.25,0.0,0.28,0.34,0.23,0.0,0.23,0.0,0.0,0.0,0.79,0.0,0.0,0.0,0.24,0.0,0.0,0.68,0.0,0.49,0.34,0.26,0.36,0.27,0.3,0.0,0.27,0.23,0.25,0.38,0.29,0.36,0.23,0.25,0.0,0.87,0.0,0.22,0.22,0.0,0.0,0.0,0.4,0.22,0.23,0.23,0.0,0.0,0.0,0.0,0.0,0.0,0.0,0.0,0.0,0.0,0.0,0.0,0.0,0.0,0.0,75.29
02/16/2022,0.0,0.77,0.29,0.81,0.0,0.28,0.82,0.83,0.72,0.89,0.62,0.83,0.68,0.69,0.86,0.64,0.79,0.77,0.4,0.69,0.81,0.42,0.7,0.0,0.0,0.74,0.41,0.74,0.39,0.76,0.0,0.51,0.27,0.0,0.76,0.0,0.26,0.41,0.32,0.0,0.82,0.26,0.55,0.0,0.28,0.4,0.46,0.44,0.42,0.42,0.44,0.0,0.8,0.3,0.39,0.37,0.29,0.27,0.4,0.34,0.46,0.4,0.29,0.44,0.43,0.0,0.4,0.42,0.51,0.31,0.0,0.27,0.34,0.47,0.0,0.23,0.0,0.34,0.28,0.27,0.3,0.24,0.5,0.43,0.27,0.27,0.27,0.47,0.26,0.0,0.3,0.25,0.23,0.25,0.29,0.3,0.4,0.0,0.0,0.26,0.23,0.31,0.26,0.26,0.82,0.32,0.0,0.34,0.3,0.44,0.29,0.25,0.0,0.28,0.22,0.0,0.28,0.0,0.0,0.26,0.0,0.26,0.59,0.65,0.27,0.26,0.28,0.3,0.28,0.36,0.72,0.28,0.0,0.39,0.0,0.0,0.32,0.27,0.0,0.0,0.27,0.3,0.23,0.28,0.23,0.0,0.28,0.23,0.23,0.24,0.24,0.25,0.24,0.24,0.34,0.22,0.0,0.0,0.23,0.24,0.23,0.22,0.23,0.27,0.25,0.26,0.34,0.0,0.37,0.26,0.23,0.0,0.0,0.27,0.0,0.22,0.0,0.26,0.3,0.0,0.0,0.0,0.3,0.0,0.0,0.0,0.0,0.0,0.26,0.0,0.0,0.24,0.0,0.31,0.28,0.24,0.23,0.31,0.23,0.0,0.0,0.23,0.0,0.0,0.3,0.34,0.32,0.0,0.28,0.0,0.0,0.26,0.0,0.0,0.0,0.0,0.0,0.32,0.27,0.0,0.0,0.0,0.0,0.27,0.36,0.29,0.0,0.24,0.0,0.0,0.73,0.32,0.5,0.36,0.32,0.31,0.39,0.25,0.0,0.28,0.34,0.23,0.0,0.23,0.0,0.0,0.0,0.79,0.0,0.0,0.0,0.24,0.0,0.0,0.68,0.0,0.49,0.34,0.26,0.36,0.27,0.3,0.0,0.27,0.23,0.25,0.38,0.29,0.36,0.23,0.25,0.0,0.87,0.0,0.22,0.22,0.0,0.0,0.0,0.4,0.22,0.23,0.23,0.0,0.0,0.0,0.0,0.0,0.0,0.0,0.0,0.0,0.0,0.0,0.0,0.0,0.0,0.0,75.29
02/17/2022,0.0,0.77,0.29,0.81,0.0,0.28,0.82,0.83,0.72,0.89,0.62,0.83,0.68,0.69,0.86,0.64,0.79,0.77,0.4,0.69,0.81,0.42,0.7,0.0,0.0,0.74,0.41,0.74,0.39,0.76,0.0,0.51,0.27,0.0,0.76,0.0,0.26,0.41,0.32,0.0,0.82,0.26,0.55,0.0,0.28,0.4,0.46,0.44,0.42,0.42,0.44,0.0,0.8,0.3,0.39,0.37,0.29,0.27,0.4,0.34,0.46,0.4,0.29,0.44,0.43,0.0,0.4,0.42,0.51,0.31,0.0,0.27,0.34,0.47,0.0,0.23,0.0,0.34,0.28,0.27,0.3,0.24,0.5,0.43,0.27,0.27,0.27,0.47,0.26,0.0,0.3,0.25,0.23,0.25,0.29,0.3,0.4,0.0,0.0,0.26,0.23,0.31,0.26,0.26,0.82,0.32,0.0,0.34,0.3,0.44,0.29,0.25,0.0,0.28,0.22,0.0,0.28,0.0,0.0,0.26,0.0,0.26,0.59,0.65,0.27,0.26,0.28,0.3,0.28,0.36,0.72,0.28,0.0,0.39,0.0,0.0,0.32,0.27,0.0,0.0,0.27,0.3,0.23,0.28,0.23,0.0,0.28,0.23,0.23,0.24,0.24,0.25,0.24,0.24,0.34,0.22,0.0,0.0,0.23,0.24,0.23,0.22,0.23,0.27,0.25,0.26,0.34,0.0,0.37,0.26,0.23,0.0,0.0,0.27,0.0,0.22,0.0,0.26,0.3,0.0,0.0,0.0,0.3,0.0,0.0,0.0,0.0,0.0,0.26,0.0,0.0,0.24,0.0,0.31,0.28,0.24,0.23,0.31,0.23,0.0,0.0,0.23,0.0,0.0,0.3,0.34,0.32,0.0,0.28,0.0,0.0,0.26,0.0,0.0,0.0,0.0,0.0,0.32,0.27,0.0,0.0,0.0,0.0,0.27,0.36,0.29,0.0,0.24,0.0,0.0,0.73,0.32,0.5,0.36,0.32,0.31,0.39,0.25,0.0,0.28,0.34,0.23,0.0,0.23,0.0,0.0,0.0,0.79,0.0,0.0,0.0,0.24,0.0,0.0,0.68,0.0,0.49,0.34,0.26,0.36,0.27,0.3,0.0,0.27,0.23,0.25,0.38,0.29,0.36,0.23,0.25,0.0,0.87,0.0,0.22,0.22,0.0,0.0,0.0,0.4,0.22,0.23,0.23,0.0,0.0,0.0,0.0,0.0,0.0,0.0,0.0,0.0,0.0,0.0,0.0,0.0,0.0,0.0,75.29
02/18/2022,0.0,0.78,0.29,0.83,0.0,0.28,0.83,0.85,0.76,0.92,0.63,0.81,0.68,0.68,1.0,0.63,0.77,0.75,0.4,0.71,0.81,0.41,0.69,0.0,0.0,0.77,0.38,0.77,0.39,0.75,0.0,0.51,0.29,0.0,0.75,0.0,0.27,0.41,0.32,0.0,0.82,0.27,0.56,0.0,0.28,0.39,0.45,0.43,0.36,0.42,0.44,0.0,0.8,0.28,0.39,0.37,0.3,0.27,0.39,0.33,0.46,0.39,0.29,0.44,0.42,0.0,0.42,0.42,0.5,0.32,0.0,0.26,0.34,0.48,0.0,0.23,0.0,0.34,0.28,0.28,0.31,0.23,0.44,0.41,0.27,0.28,0.28,0.37,0.26,0.0,0.3,0.25,0.22,0.25,0.29,0.3,0.4,0.0,0.0,0.26,0.23,0.31,0.26,0.26,0.85,0.33,0.0,0.35,0.3,0.45,0.29,0.25,0.0,0.27,0.22,0.0,0.28,0.0,0.0,0.26,0.0,0.26,0.58,0.65,0.27,0.26,0.28,0.31,0.28,0.38,0.71,0.28,0.0,0.41,0.0,0.0,0.32,0.27,0.0,0.0,0.27,0.3,0.22,0.28,0.22,0.0,0.26,0.23,0.22,0.23,0.23,0.25,0.23,0.22,0.33,0.22,0.0,0.0,0.22,0.23,0.23,0.22,0.23,0.27,0.25,0.26,0.33,0.0,0.35,0.26,0.23,0.22,0.0,0.27,0.0,0.0,0.0,0.26,0.29,0.0,0.0,0.0,0.3,0.0,0.0,0.0,0.21,0.0,0.26,0.0,0.0,0.23,0.0,0.3,0.28,0.23,0.22,0.3,0.22,0.0,0.0,0.22,0.0,0.0,0.3,0.33,0.32,0.0,0.27,0.0,0.0,0.27,0.0,0.0,0.0,0.0,0.0,0.31,0.27,0.0,0.0,0.0,0.0,0.26,0.35,0.32,0.0,0.24,0.0,0.0,0.72,0.32,0.49,0.35,0.32,0.31,0.37,0.24,0.0,0.27,0.34,0.23,0.0,0.23,0.0,0.0,0.0,0.82,0.0,0.0,0.0,0.26,0.0,0.0,0.69,0.0,0.56,0.35,0.27,0.36,0.27,0.3,0.0,0.27,0.23,0.25,0.38,0.3,0.36,0.23,0.25,0.0,0.86,0.0,0.22,0.0,0.0,0.0,0.0,0.38,0.22,0.23,0.23,0.0,0.0,0.0,0.0,0.0,0.0,0.0,0.0,0.0,0.0,0.0,0.0,0.0,0.0,0.0,75.15
02/21/2022,0.0,0.82,0.29,0.83,0.0,0.28,0.81,0.85,0.78,0.88,0.62,0.83,0.67,0.68,1.1,0.65,0.87,0.73,0.42,0.72,0.83,0.42,0.68,0.0,0.0,0.78,0.39,0.78,0.4,0.75,0.0,0.5,0.29,0.0,0.75,0.0,0.26,0.42,0.33,0.0,0.81,0.28,0.57,0.0,0.28,0.38,0.44,0.43,0.37,0.42,0.45,0.0,0.78,0.27,0.39,0.37,0.31,0.27,0.38,0.32,0.45,0.39,0.3,0.44,0.41,0.0,0.42,0.42,0.46,0.31,0.0,0.26,0.33,0.49,0.0,0.22,0.0,0.33,0.27,0.27,0.29,0.23,0.44,0.41,0.28,0.27,0.28,0.39,0.25,0.0,0.3,0.25,0.22,0.25,0.29,0.3,0.41,0.0,0.0,0.25,0.0,0.33,0.26,0.25,0.86,0.33,0.0,0.34,0.28,0.46,0.28,0.24,0.0,0.25,0.22,0.0,0.28,0.0,0.0,0.26,0.0,0.25,0.58,0.66,0.26,0.26,0.27,0.3,0.25,0.38,0.68,0.27,0.0,0.41,0.0,0.0,0.32,0.26,0.0,0.0,0.26,0.3,0.23,0.28,0.22,0.0,0.25,0.23,0.22,0.23,0.23,0.24,0.23,0.23,0.35,0.23,0.0,0.0,0.23,0.24,0.24,0.23,0.23,0.27,0.25,0.27,0.33,0.0,0.35,0.25,0.23,0.22,0.0,0.27,0.0,0.22,0.0,0.26,0.3,0.0,0.24,0.0,0.3,0.0,0.0,0.0,0.0,0.0,0.26,0.0,0.0,0.25,0.0,0.31,0.28,0.23,0.22,0.31,0.23,0.0,0.0,0.23,0.0,0.0,0.3,0.34,0.33,0.0,0.26,0.0,0.0,0.26,0.0,0.0,0.0,0.0,0.0,0.31,0.25,0.0,0.0,0.0,0.0,0.26,0.36,0.28,0.0,0.24,0.0,0.0,0.73,0.32,0.49,0.33,0.32,0.33,0.39,0.23,0.0,0.27,0.34,0.23,0.0,0.23,0.0,0.0,0.0,0.83,0.0,0.0,0.0,0.24,0.0,0.0,0.7,0.0,0.57,0.36,0.26,0.36,0.26,0.3,0.0,0.27,0.22,0.24,0.35,0.3,0.35,0.23,0.25,0.0,0.85,0.0,0.22,0.22,0.0,0.0,0.0,0.36,0.0,0.24,0.22,0.0,0.0,0.0,0.0,0.0,0.0,0.0,0.0,0.0,0.0,0.0,0.0,0.0,0.0,0.0,75.18
06/20/2022,0.0,0.5,0.21,0.0,0.0,0.32,0.78,0.73,0.46,0.71,0.6,0.0,0.68,0.55,0.56,0.73,0.76,0.7,0.66,0.81,0.92,0.65,0.97,0.0,0.0,0.64,0.49,0.53,0.7,0.99,0.0,0.58,0.22,0.0,0.78,0.0,0.37,0.37,0.34,0.0,0.72,0.32,0.51,0.0,0.34,0.39,0.39,0.34,0.4,0.37,0.46,0.0,0.65,0.29,0.27,0.59,0.47,0.3,0.41,0.38,0.4,0.32,0.33,0.41,0.4,0.25,0.33,0.55,0.52,0.0,0.0,0.28,0.44,0.52,0.0,0.0,0.0,0.29,0.23,0.29,0.23,0.22,0.51,0.51,0.26,0.24,0.28,0.57,0.25,0.0,0.0,0.24,0.0,0.22,0.22,0.31,0.32,0.0,0.0,0.22,0.29,0.24,0.39,0.26,0.0,0.39,0.0,0.28,0.23,0.4,0.3,0.0,0.4,0.5,0.28,0.0,0.0,0.22,0.31,0.24,0.0,0.24,0.33,0.51,0.24,0.23,0.22,0.28,0.33,0.7,0.0,0.21,0.0,0.26,0.0,0.0,0.28,0.22,0.0,0.0,0.0,0.39,0.25,0.27,0.22,0.0,0.32,0.34,0.23,0.23,0.21,0.26,0.22,0.24,0.42,0.0,0.0,0.0,0.0,0.24,0.32,0.28,0.29,0.23,0.0,0.23,0.3,0.0,0.0,0.24,0.0,0.0,0.0,0.3,0.0,0.3,0.0,0.0,0.43,0.0,0.24,0.23,0.27,0.24,0.3,0.0,0.22,0.0,0.33,0.0,0.23,0.23,0.26,0.26,0.35,0.27,0.0,0.44,0.26,0.0,0.0,0.25,0.0,0.0,0.36,0.29,0.32,0.0,0.36,0.0,0.0,0.21,0.0,0.0,0.0,0.0,0.0,0.0,0.28,0.0,0.0,0.0,0.0,0.28,0.28,0.0,0.0,0.23,0.24,0.0,0.77,0.62,0.55,0.0,0.31,0.31,0.28,0.0,0.0,0.22,0.22,0.25,0.59,0.0,0.0,0.0,0.0,1.01,0.0,0.0,0.0,0.34,0.21,0.0,0.8,0.0,0.48,0.33,0.35,0.31,0.22,0.38,0.0,0.21,0.27,0.0,0.34,0.23,0.24,0.0,0.23,0.0,0.28,0.0,0.0,0.0,0.23,0.0,0.0,0.0,0.0,0.0,0.25,1.26,0.72,0.46,0.45,0.42,0.35,0.31,0.31,0.31,0.29,0.24,0.23,0.22,0.22,0.22,75.68
